0.0	0.00015789182611961744
0.10499999999999998	0.00016651037558029492
0.21000000000000002	0.00017409469910569208
0.315	0.00023545877126571817
0.42	0.0012117680541712955
0.5249999999999999	0.0031561128125001995
0.629	0.005158374223204858
0.7329999999999999	0.007112027014951295
0.837	0.008847458134353371
0.95	0.0103305381255468
1.055	0.011705713877492545
1.159	0.012896107929001359
1.263	0.013924817992627856
1.367	0.015495462446341772
1.4709999999999999	0.01779971783014858
1.575	0.019353125184941138
1.679	0.01997124755226095
1.784	0.02072899042084374
1.8880000000000001	0.021520518003312387
1.994	0.02217518302034547
2.0980000000000003	0.022878456656336775
2.202	0.023589659357831902
2.306	0.02437532632666729
2.41	0.02630174450211798
2.5140000000000002	0.029308584037959245
2.6180000000000003	0.03135118026013988
2.722	0.03230473657246927
2.865	0.03345479581250211
3.016	0.034719309389372746
3.157	0.03571388999713496
3.301	0.03681913277997227
3.4450000000000003	0.038032279802057284
3.589	0.03916268874931978
3.733	0.04221951587203297
3.876	0.04670667746324024
4.02	0.049538043332062104
4.164	0.05116143330847537
4.308	0.052775170509492667
4.452	0.05443717158748977
4.596	0.05607331701710483
4.739999999999999	0.05768084886251045
4.8839999999999995	0.05935250271590351
5.027	0.06106138870296669
5.170999999999999	0.06545340150812809
5.3149999999999995	0.07109165656530349
5.459	0.07409953032708003
5.603	0.07598388998116261
5.7459999999999996	0.07792961370740523
5.891	0.07990532998577099
6.035	0.08182554280561
6.178	0.08379298527649352
6.322	0.08584799220989753
6.465999999999999	0.08787679875294106
6.609999999999999	0.09338818876205529
6.758	0.09971282509827908
6.898	0.10256246229195756
7.0409999999999995	0.10460678222403033
7.185	0.10654836904653182
7.329	0.10835102485172718
7.473	0.11024951892692528
7.617	0.11227694650205511
7.760999999999999	0.11438125153837418
7.904999999999999	0.1164934856401971
8.048	0.12215414892597028
8.192	0.128155072544451
8.336	0.13031798371710268
8.48	0.1319765373753155
8.624	0.13379539605349694
8.767999999999999	0.13568354786934222
8.911999999999999	0.13755411784428773
9.055	0.13872279315115565
9.199	0.1390540901924241
9.343	0.13916992349717558
9.487	0.13962980929639734
9.631	0.14010382951673467
9.775	0.14019484139903943
9.919	0.1404413319136148
10.062	0.1406688616193767
10.206	0.14073987846693267
10.35	0.14091604161790894
10.494	0.1410846204453598
10.639	0.14129146563241607
10.782	0.14151175575663097
10.926	0.14159587279936717
11.07	0.14166964758275058
11.214	0.14172928794501846
11.357	0.14176065946505534
11.501999999999999	0.14179478892091962
11.645999999999999	0.141868563704303
11.789	0.1419195855171102
11.934	0.14207058250366128
12.077	0.14229604375755261
12.221	0.14238395296205153
12.365	0.14243980116255672
12.509	0.14255011859565342
12.653	0.14263802780015233
12.797	0.14268181003141256
12.939	0.14268181003141256
13.084	0.14268181003141256
13.228	0.14263802780015233
13.372	0.14263802780015233
13.516	0.1425952797948274
13.66	0.1425952797948274
13.804	0.1425952797948274
13.947	0.1425952797948274
14.09	0.1425952797948274
14.234	0.1425952797948274
14.378	0.1425952797948274
14.522	0.1425952797948274
14.666	0.14263802780015233
14.81	0.14268181003141256
14.953999999999999	0.1427307633923492
15.097999999999999	0.14276799552601932
15.241	0.14277075346184676
15.385	0.1427738561396526
15.529	0.1428021249818836
15.673	0.14285728369843195
15.818999999999999	0.14292312941631155
15.96	0.1430496497223943
16.105	0.14315169334800876
16.248	0.14317582528649864
16.392	0.14318823599772199
16.536	0.14320030196696695
16.68	0.1432302945190901
16.823999999999998	0.1432833847837679
16.968	0.1434109393157859
17.112	0.14351918829701205
17.255	0.14355124930100577
17.4	0.14361468182503634
17.543	0.14367501167126107
17.687	0.14369638567392357
17.831	0.14372430977417616
17.975	0.1437505101645366
18.119	0.14376016293993255
18.262	0.14378705281424986
18.406	0.1438456589505825
18.55	0.14388978592382115
18.694	0.14391150466846206
18.838	0.143928397025405
18.982	0.1440352670387174
19.126	0.1441431712779651
19.271	0.14415558198918846
19.414	0.14419970896242712
19.558	0.1444055199235481
19.701999999999998	0.14458168307452438
19.846	0.14459374904376932
19.99	0.14461443356247494
20.134	0.14463753127502957
20.261	0.14465166569614507
20.406	0.1446885530878368
20.549	0.1447712911626593
20.693	0.1448960877588499
20.837	0.14497330996201757
20.980999999999998	0.14498365222137038
21.125	0.14502467651680323
21.269	0.14506845874806346
21.412	0.1450767325555457
21.559	0.1450877642988554
21.7	0.14510155397799246
21.844	0.14512672014241765
21.988	0.1451515415648644
22.132	0.14516153908223878
22.276	0.1451784314391817
22.419999999999998	0.14522324789637722
22.563	0.14526668538565907
22.707	0.14529702267976063
22.851	0.14533770223321502
22.995	0.14536459210753233
23.139	0.14537286591501458
23.283	0.1453766580767773
23.426	0.14540871908077102
23.57	0.1454590514096214
23.714	0.14550593631868747
23.858	0.14553144722509107
24.002	0.1455945350071432
24.146	0.14566313866085023
24.289	0.14570278398836933
24.434	0.14573863715412577
24.576999999999998	0.14574105034797474
24.721	0.14574622147765115
24.867	0.14575208209128443
25.009	0.1457706981581195
25.154	0.1457889694829761
25.297	0.14579034845088984
25.441	0.14581482513135816
25.584	0.14583930181182647
25.727999999999998	0.14584757561930872
25.873	0.14587549971956132
26.017	0.14590170010992176
26.16	0.14591411082114514
26.304	0.1459909882823344
26.448	0.14608958448816456
26.592	0.14612233497611513
26.736	0.14614543268866975
26.88	0.14617059885309494
27.024	0.14617714895068507
27.168	0.1461902491458653
27.311	0.1462057625348945
27.455	0.1462095546966572
27.599	0.14621403634237673
27.743	0.14623713405493136
27.887	0.14629160328752283
28.031	0.1463267669693224
28.175	0.14633090387306352
28.318	0.1463395224225242
28.462	0.1463598621992514
28.605999999999998	0.1463808914599355
28.749	0.1464205367874546
28.893	0.1464739717941108
29.037	0.1465198224772416
29.18	0.1465515387392569
29.325	0.14658015232346633
29.468	0.14660807642371892
29.612	0.14661979765098546
29.756	0.14662979516835983
29.9	0.14663289784616568
30.044	0.14663910320177737
30.188	0.146659787720483
30.331	0.14667564585149062
30.476	0.14668254069105918
30.619	0.14669977778998056
30.762999999999998	0.14671908334077247
30.907	0.14672770189023313
31.051	0.14673045982606053
31.195	0.1467339072458448
31.339	0.14674631795706822
31.482	0.14676493402390328
31.626	0.1467804474129325
31.770000000000003	0.14678872122041473
31.914	0.14680113193163813
32.058	0.14683491664552398
32.201	0.14685870384203542
32.346	0.14687559619897836
32.49	0.14690800194495052
32.633	0.14692730749574245
32.777	0.146931789141462
32.921	0.14694661304653436
33.065	0.14696005798369302
33.209	0.14696833179117527
33.352	0.14699625589142787
33.496	0.1470193536039825
33.64	0.14702349050772362
33.786	0.14703452225103328
33.928	0.14704417502642922
34.072	0.14704417502642922
34.216	0.1470452092523645
34.36	0.1470452092523645
34.503	0.14705003564006247
34.647	0.14705658573765262
34.791	0.14705968841545847
34.935	0.14706106738337216
35.079	0.14706106738337216
35.222	0.14707658077240138
35.367	0.14709450735527957
35.511	0.14709898900099913
35.653999999999996	0.14710484961463238
35.798	0.14711105497024407
35.942	0.1471200182616832
36.086	0.1471200182616832
36.23	0.1471200182616832
36.373	0.14712898155312232
36.52	0.14712898155312232
36.661	0.14713105000499288
36.806	0.14713380794082026
36.95	0.1471431159742378
37.094	0.14715035555578476
37.238	0.14717414275229623
37.382	0.14720448004639786
37.525	0.14721551178970751
37.669	0.14723033569477986
37.813	0.14724136743808952
37.957	0.14724136743808952
38.101	0.14725998350492459
38.245	0.14727963379769493
38.389	0.14729066554100462
38.533	0.14730100780035743
38.676	0.14730755789794753
38.82	0.14731617644740821
38.964	0.14731893438323562
39.108	0.1473251397388473
39.252	0.14733996364391969
39.395	0.14735202961316463
39.539	0.1473582349687763
39.683	0.147364440324388
39.827	0.14736823248615072
39.971	0.14738236690726625
40.115	0.14739925926420916
40.259	0.14740305142597182
40.403	0.14740546461982085
40.547	0.1474161516211521
40.691	0.14742821759039704
40.835	0.14743269923611657
40.979	0.14743614665590085
41.122	0.14744476520536154
41.266	0.14745097056097323
41.41	0.1474533837548222
41.554	0.1474585548844986
41.699	0.1474585548844986
41.842	0.14746200230428289
41.986	0.147463726014175
42.13	0.14747406827352783
42.273	0.14749027114651392
42.417	0.1474975107280609
42.561	0.14750647401949996
42.705	0.14751543731093908
42.851	0.14751543731093908
42.992	0.14751543731093908
43.137	0.14751543731093908
43.281	0.14751543731093908
43.424	0.14751543731093908
43.567	0.14751543731093908
43.711	0.14752233215050764
43.855	0.14752233215050764
43.999	0.14752922699007615
44.142	0.1475306059579899
44.287	0.1475306059579899
44.431	0.1475306059579899
44.574	0.1475306059579899
44.717999999999996	0.1475333638938173
44.862	0.1475333638938173
45.006	0.1475333638938173
45.15	0.1475412929593211
45.293	0.1475412929593211
45.438	0.14755404841252293
45.585	0.14757197499540115
45.725	0.14758955683630093
45.869	0.14758955683630093
46.013	0.1475981753857616
46.157	0.1475981753857616
46.301	0.1475981753857616
46.444	0.14760403599939487
46.589999999999996	0.14760920712907127
46.732	0.14760920712907127
46.876	0.1476233415501868
47.02	0.1476233415501868
47.164	0.1476233415501868
47.311	0.14760920712907127
47.452	0.1476233415501868
47.595	0.1476233415501868
47.739	0.14760920712907127
47.883	0.1476233415501868
48.027	0.1476233415501868
48.17	0.1476233415501868
48.316	0.14763782071328074
48.458	0.14764540503680612
48.602	0.14765195513439622
48.747	0.14765195513439622
48.89	0.14765505781220206
49.034	0.1476581604900079
49.178	0.1476595394579216
49.321	0.1476595394579216
49.464999999999996	0.1476595394579216
49.609	0.1476595394579216
49.755	0.1476595394579216
49.899	0.1476595394579216
50.041	0.1476595394579216
50.186	0.1476595394579216
50.329	0.1476595394579216
50.473	0.1476595394579216
50.616	0.1476595394579216
50.762	0.1476581604900079
50.903999999999996	0.1476581604900079
51.048	0.1476581604900079
51.191	0.1476581604900079
51.335	0.1476595394579216
51.48	0.1476595394579216
51.623	0.1476595394579216
51.77	0.1476595394579216
51.911	0.14766126316781375
52.055	0.14766781326540387
52.199	0.14766781326540387
52.342	0.14767712129882143
52.49	0.14769297942982906
52.632	0.1477078033349014
52.778	0.1477078033349014
52.918	0.14771435343249154
53.062	0.14772469569184435
53.206	0.14772469569184435
53.35	0.14773469320921873
53.493	0.14774365650065785
53.641	0.14774365650065785
53.781	0.14775020659824797
53.925	0.14775641195385963
54.071	0.14775641195385963
54.214	0.14777261482684573
54.357	0.14779536779742192
54.501	0.14781157067040798
54.645	0.14781157067040798
54.789	0.14781846550997652
54.933	0.14782294715569605
55.076	0.14782294715569605
55.221	0.1478298419952646
55.365	0.14786707412893474
55.509	0.14786707412893474
55.653	0.14790947739228127
55.796	0.14790947739228127
55.941	0.14792257758746152
56.085	0.14792257758746152
56.228	0.14792257758746152
56.372	0.1479325751048359
56.516	0.1479325751048359
56.66	0.14793981468638287
56.803	0.14793981468638287
56.948	0.14793981468638287
57.091	0.147941538396275
57.235	0.14795050168771412
57.379	0.14795877549519637
57.523	0.1479608439470669
57.667	0.1479608439470669
57.811	0.14796256765695903
57.955	0.14796429136685119
58.098	0.14797359940026872
58.242	0.14798187320775097
58.385	0.14798669959544897
58.53	0.14799566288688806
58.675	0.14800048927458603
58.817	0.14801427895372313
58.961	0.14802841337483863
59.105	0.14802841337483863
59.249	0.14803220553660135
59.392	0.14803703192429932
59.536	0.14803703192429932
59.68	0.14804944263552272
59.824	0.14804944263552272
59.967999999999996	0.14806288757268135
60.112	0.14806288757268135
60.256	0.14807598776786157
60.399	0.14807598776786157
60.543	0.14807598776786157
60.687	0.14809288012480448
60.833	0.14809288012480448
60.977	0.14809288012480448
61.118	0.14809288012480448
61.262	0.14807598776786157
61.407	0.14807598776786157
61.55	0.14806564550850873
61.694	0.14807598776786157
61.838	0.14807598776786157
61.982	0.14806564550850873
62.125	0.14806564550850873
62.27	0.14807598776786157
62.413	0.14810666980394158
62.557	0.14813149122638833
62.701	0.14813149122638833
62.845	0.14813769658200002
62.989	0.14813769658200002
63.133	0.14814355719563327
63.275999999999996	0.14814355719563327
63.42	0.14814355719563327
63.564	0.14815010729322342
63.708000000000006	0.14814355719563327
63.852	0.14813769658200002
63.996	0.14813149122638833
64.14	0.1480966722865672
64.284	0.14806564550850873
64.427	0.14806564550850873
64.57100000000001	0.14806564550850873
64.71700000000001	0.1480966722865672
64.85900000000001	0.14813149122638833
65.003	0.14813149122638833
65.147	0.14813149122638833
65.29100000000001	0.14814459142156855
65.43400000000001	0.14814459142156855
65.578	0.14814459142156855
65.72200000000001	0.14814459142156855
65.86600000000001	0.14814459142156855
66.01	0.14813149122638833
66.15400000000001	0.14813149122638833
66.298	0.14813149122638833
66.44200000000001	0.14811563309538067
66.587	0.14809977496437304
66.72900000000001	0.14809977496437304
66.873	0.14808426157534382
67.01700000000001	0.148069092928293
67.161	0.14805323479728538
67.305	0.148069092928293
67.44900000000001	0.14805323479728538
67.59200000000001	0.1480404793440836
67.736	0.1480570269590481
67.88000000000001	0.1480570269590481
68.024	0.1480570269590481
68.168	0.1480570269590481
68.31200000000001	0.1480570269590481
68.456	0.1480570269590481
68.60000000000001	0.1480570269590481
68.74300000000001	0.14808426157534382
68.888	0.1480570269590481
69.03200000000001	0.1480404793440836
69.176	0.1480570269590481
69.319	0.1480570269590481
69.46300000000001	0.1480570269590481
69.60700000000001	0.1480570269590481
69.751	0.1480570269590481
69.897	0.1480749535419263
70.039	0.1480749535419263
70.183	0.14808633002721439
70.32600000000001	0.14808633002721439
70.47000000000001	0.14808633002721439
70.614	0.14809977496437304
70.75800000000001	0.14808633002721439
70.902	0.1480915011568908
71.046	0.14809977496437304
71.19000000000001	0.14812287267692764
71.334	0.1481439019376117
71.477	0.14814562564750383
71.62100000000001	0.14814562564750383
71.766	0.14814355719563327
71.91000000000001	0.14812287267692764
72.05300000000001	0.14809977496437304
72.19900000000001	0.1480915011568908
72.34200000000001	0.14808219312347326
72.48500000000001	0.14807702199379685
72.629	0.1480749535419263
72.774	0.14805633747509123
72.917	0.14803772140825616
73.061	0.14803772140825616
73.20400000000001	0.14803772140825616
73.349	0.14803772140825616
73.49300000000001	0.14803772140825616
73.63600000000001	0.14803772140825616
73.78	0.14805633747509123
73.924	0.14807322983203414
74.06800000000001	0.1480752982839047
74.21100000000001	0.14807702199379685
74.35600000000001	0.14808219312347326
74.49900000000001	0.14807702199379685
74.643	0.14807702199379685
74.787	0.14808219312347326
74.93100000000001	0.14807702199379685
75.075	0.14807702199379685
75.21900000000001	0.14808219312347326
75.36200000000001	0.14808219312347326
75.506	0.14809219064084767
75.65	0.14809219064084767
75.79400000000001	0.1481032223841573
75.938	0.1481032223841573
76.08200000000001	0.14811115144966114
76.22600000000001	0.14812735432264723
76.37	0.14812735432264723
76.513	0.14812907803253936
76.65700000000001	0.14814562564750383
76.801	0.14814562564750383
76.94500000000001	0.14814562564750383
77.08900000000001	0.14814562564750383
77.233	0.14814562564750383
77.37700000000001	0.14814562564750383
77.52000000000001	0.14814562564750383
77.664	0.14814562564750383
77.808	0.14814562564750383
77.95200000000001	0.14815562316487824
78.096	0.14817148129588587
78.24000000000001	0.14817148129588587
78.384	0.14817148129588587
78.528	0.14817148129588587
78.671	0.14817768665149758
78.81500000000001	0.14817768665149758
78.96100000000001	0.1481794103613897
79.10300000000001	0.14818423674908768
79.247	0.14819044210469937
79.391	0.14819837117020318
79.53500000000001	0.14820905817153443
79.67800000000001	0.14821836620495196
79.822	0.14821836620495196
79.96600000000001	0.14821836620495196
80.11000000000001	0.14821836620495196
80.254	0.14821836620495196
80.39800000000001	0.14821836620495196
80.542	0.14823456907793803
80.685	0.14825559833862206
80.82900000000001	0.14823456907793803
80.97300000000001	0.14825559833862206
81.117	0.14827593811534928
81.26100000000001	0.1482914515043785
81.40400000000001	0.1482914515043785
81.551	0.1482990358279039
81.69200000000001	0.14830834386132147
81.83600000000001	0.14830834386132147
81.98	0.14830834386132147
82.12400000000001	0.14830834386132147
82.268	0.14830834386132147
82.412	0.14832764941211338
82.555	0.14832764941211338
82.7	0.14832764941211338
82.843	0.14834247331718575
82.98700000000001	0.14832764941211338
83.131	0.14830834386132147
83.275	0.14830110427977447
83.41900000000001	0.14829696737603335
83.56200000000001	0.1482914515043785
83.70700000000001	0.14828386718085312
83.85000000000001	0.14828386718085312
83.994	0.14828386718085312
84.138	0.14828386718085312
84.28200000000001	0.14828386718085312
84.426	0.1482914515043785
84.57000000000001	0.1482914515043785
84.71300000000001	0.14829696737603335
84.85700000000001	0.14830110427977447
85.001	0.14830110427977447
85.14500000000001	0.14830110427977447
85.289	0.14830110427977447
85.433	0.14830110427977447
85.57700000000001	0.14830110427977447
85.72000000000001	0.14830110427977447
85.86500000000001	0.14830110427977447
86.00800000000001	0.14830110427977447
86.152	0.14830110427977447
86.296	0.14830110427977447
86.44000000000001	0.14830834386132147
86.584	0.14832764941211338
86.72800000000001	0.14834350754312103
86.87100000000001	0.14835005764071113
87.015	0.14836315783589132
87.159	0.14837936070887742
87.30300000000001	0.14839349512999295
87.447	0.14841452439067698
87.59100000000001	0.1484365878772963
87.73500000000001	0.1484514117823687
87.878	0.1484693383652469
88.024	0.14846968310722533
88.16600000000001	0.1484796806245997
88.31	0.14848760969010355
88.45400000000001	0.1484986414334132
88.59800000000001	0.14850691524089546
88.742	0.148513810080464
88.88600000000001	0.1485172575002483
89.02900000000001	0.14852553130773055
89.174	0.14853483934114806
89.31800000000001	0.1485403552128029
89.462	0.14854621582643615
89.605	0.14854621582643615
89.75	0.14854621582643615
89.894	0.14854621582643615
90.03800000000001	0.14854621582643615
90.18100000000001	0.14857138199086134
90.325	0.14857138199086134
90.46900000000001	0.14857138199086134
90.61300000000001	0.14859447970341594
90.756	0.14859447970341594
90.90100000000001	0.14859447970341594
91.04400000000001	0.14859447970341594
91.188	0.14859447970341594
91.33200000000001	0.14859447970341594
91.47600000000001	0.14859447970341594
91.62	0.14857241621679662
91.76400000000001	0.14855035273017728
91.908	0.14854621582643615
92.051	0.14854621582643615
92.19500000000001	0.1485403552128029
92.33900000000001	0.1485403552128029
92.483	0.14853139192136378
92.62700000000001	0.14852346285585996
92.771	0.14852346285585996
92.915	0.14852346285585996
93.05900000000001	0.14852346285585996
93.20200000000001	0.14852070492003255
93.346	0.1485172575002483
93.49000000000001	0.14851346533848558
93.634	0.14851346533848558
93.778	0.1485024335951759
93.92200000000001	0.1485024335951759
94.06500000000001	0.14848795443208196
94.209	0.14848278330240555
94.35300000000001	0.148475888462837
94.497	0.14847002784920374
94.641	0.14846382249359208
94.78500000000001	0.14844727487862758
94.929	0.1484234876821161
95.072	0.14840590584121632
95.21600000000001	0.14839832151769092
95.36000000000001	0.1483969425497772
95.504	0.14839521883988507
95.64800000000001	0.14838935822625182
95.792	0.14838935822625182
95.936	0.1483852213225107
96.07900000000001	0.14838418709657542
96.22300000000001	0.14838418709657542
96.367	0.14838418709657542
96.51100000000001	0.14838108441876957
96.655	0.14838108441876957
96.802	0.14838108441876957
96.94300000000001	0.14838108441876957
97.087	0.14838108441876957
97.23	0.14838108441876957
97.37400000000001	0.14837625803107157
97.518	0.148371776385352
97.662	0.148371776385352
97.80600000000001	0.148371776385352
97.95	0.148371776385352
98.093	0.14837453432117945
98.23700000000001	0.14837453432117945
98.381	0.14837453432117945
98.525	0.14837453432117945
98.66900000000001	0.14838108441876957
98.813	0.14838108441876957
98.956	0.14838108441876957
99.10100000000001	0.14838108441876957
99.244	0.14838108441876957
99.388	0.14838832400031654
99.53200000000001	0.14839521883988507
99.676	0.14839521883988507
99.82000000000001	0.14839832151769092
99.96400000000001	0.14840073471153992
100.10700000000001	0.1484183165524397
100.251	0.14843589839333948
100.39500000000001	0.14843900107114533
100.539	0.14844899858851973
100.683	0.14846347775161364
100.82700000000001	0.1484745094949233
100.971	0.14848140433449186
101.114	0.148485541238233
101.25800000000001	0.14849415978769365
101.402	0.1485020888531975
101.546	0.1485024335951759
101.69000000000001	0.1485024335951759
101.834	0.1485110521446366
101.97800000000001	0.1485110521446366
102.12100000000001	0.1485172575002483
102.265	0.1485172575002483
102.409	0.1485172575002483
102.55300000000001	0.1485172575002483
102.697	0.1485172575002483
102.84100000000001	0.1485172575002483
102.98500000000001	0.1485172575002483
103.129	0.1485172575002483
103.272	0.1485172575002483
103.41600000000001	0.14850932843474446
103.56	0.1485024335951759
103.70400000000001	0.1485024335951759
103.84700000000001	0.1485024335951759
103.992	0.1485024335951759
104.135	0.1485024335951759
104.27900000000001	0.1485024335951759
104.423	0.1485024335951759
104.56700000000001	0.1485024335951759
104.71100000000001	0.1485024335951759
104.855	0.14849450452967206
104.998	0.14848657546416827
105.14200000000001	0.148485541238233
105.286	0.1484820938184487
105.43	0.1484745094949233
105.57400000000001	0.14845554868610983
105.718	0.1484083190350653
105.86200000000001	0.1483676394816109
106.009	0.14835660773830123
106.15	0.1483331652837682
106.293	0.14830524118351562
106.43700000000001	0.14829558840811966
106.581	0.14829145150437853
106.72600000000001	0.14828352243887472
106.87	0.14828352243887472
107.01400000000001	0.14827662759930615
107.15700000000001	0.14827662759930615
107.301	0.1482683537918239
107.44500000000001	0.14825456411268684
107.58900000000001	0.1482187109469304
107.733	0.14818733942689352
107.87700000000001	0.148175618199627
108.021	0.148175618199627
108.164	0.1481656206822526
108.308	0.1481656206822526
108.45200000000001	0.1481656206822526
108.596	0.1481656206822526
108.74000000000001	0.1481656206822526
108.884	0.14815424419696452
109.028	0.14815424419696452
109.171	0.14815424419696452
109.31500000000001	0.14815424419696452
109.459	0.14815424419696452
109.60300000000001	0.14815424419696452
109.747	0.14815424419696452
109.89	0.14815424419696452
110.03500000000001	0.1481656206822526
110.17800000000001	0.1481656206822526
110.32300000000001	0.148175618199627
110.46600000000001	0.148175618199627
110.61000000000001	0.148175618199627
110.754	0.1481656206822526
110.89800000000001	0.1481656206822526
111.04100000000001	0.1481656206822526
111.185	0.1481656206822526
111.32900000000001	0.148175618199627
111.47300000000001	0.14818733942689352
111.619	0.14818733942689352
111.76100000000001	0.14818733942689352
111.905	0.14819354478250524
112.048	0.14821181610736187
112.19200000000001	0.14821940043088724
112.33600000000001	0.1482266400124342
112.48	0.1482266400124342
112.62400000000001	0.1482266400124342
112.768	0.1482266400124342
112.912	0.1482266400124342
113.05600000000001	0.1482266400124342
113.19900000000001	0.14823422433595962
113.343	0.14824249814344187
113.48700000000001	0.14824594556322615
113.631	0.14824973772498884
113.774	0.1482531851447731
113.91900000000001	0.14825594308060053
114.063	0.14825594308060053
114.206	0.14825732204851422
114.35000000000001	0.14825732204851422
114.494	0.14825732204851422
114.638	0.14825732204851422
114.781	0.14825939050038478
114.926	0.14826214843621222
115.07100000000001	0.14826731956588862
115.21300000000001	0.1482745591474356
115.35700000000001	0.14828076450304728
115.501	0.14828455666481
115.64500000000001	0.14828455666481
115.789	0.14828455666481
115.932	0.14828662511668056
116.07700000000001	0.14828662511668056
116.22000000000001	0.14828455666481
116.364	0.14828076450304728
116.50800000000001	0.1482745591474356
116.652	0.14826628533995334
116.796	0.14825939050038478
116.94000000000001	0.14825939050038478
117.08300000000001	0.14825939050038478
117.227	0.14826938801775918
117.37100000000001	0.14826938801775918
117.515	0.14826938801775918
117.659	0.14828076450304728
117.80300000000001	0.14828076450304728
117.947	0.14828455666481
118.09	0.14828076450304728
118.23400000000001	0.14828455666481
118.378	0.14828662511668056
118.522	0.14828662511668056
118.66600000000001	0.14828662511668056
118.81	0.14828662511668056
118.95400000000001	0.14828662511668056
119.09700000000001	0.14828662511668056
119.24100000000001	0.14828662511668056
119.385	0.14828662511668056
119.52900000000001	0.14829041727844322
119.673	0.14829041727844322
119.816	0.14829041727844322
119.96100000000001	0.14829041727844322
120.105	0.14829076202042168
120.248	0.14830041479581763
120.39200000000001	0.14830041479581763
120.536	0.14830041479581763
120.68	0.14830041479581763
120.82300000000001	0.14829076202042168
120.96700000000001	0.14829076202042168
121.111	0.14828041976106887
121.25500000000001	0.14826904327578078
121.399	0.14828041976106887
121.543	0.14826904327578078
121.68700000000001	0.14826904327578078
121.831	0.1482793855351336
121.974	0.14826904327578078
122.11800000000001	0.14826525111401806
122.262	0.1482631826621475
122.406	0.14826042472632006
122.55000000000001	0.1482566325645574
122.694	0.14825215091883784
122.83800000000001	0.14824732453113987
122.98200000000001	0.1482438771113556
123.125	0.14823870598167918
123.269	0.14823319011002434
123.41300000000001	0.1482304321741969
123.557	0.1482304321741969
123.70100000000001	0.1482304321741969
123.84500000000001	0.1482276742383695
123.989	0.14822043465682253
124.13600000000001	0.14820940291351287
124.277	0.14818147881326027
124.421	0.14814976255124496
124.56500000000001	0.14813735184002158
124.709	0.14813735184002158
124.85300000000001	0.14807840096171054
124.99600000000001	0.14802082905131322
125.14	0.14801531317965838
125.284	0.14800807359811144
125.42800000000001	0.14797256517433344
125.572	0.14793291984681434
125.71600000000001	0.14793291984681434
125.85900000000001	0.14793291984681434
126.004	0.14793291984681434
126.147	0.1479684282705923
126.29100000000001	0.1479684282705923
126.435	0.1479684282705923
126.581	0.1479684282705923
126.72300000000001	0.1479684282705923
126.86600000000001	0.14796084394706693
127.01100000000001	0.14796084394706693
127.15400000000001	0.14796084394706693
127.298	0.14796084394706693
127.44200000000001	0.14796084394706693
127.58600000000001	0.14796084394706693
127.73000000000002	0.14796084394706693
127.874	0.14796084394706693
128.017	0.14796084394706693
128.161	0.14796084394706693
128.305	0.14795980972113165
128.449	0.14795980972113165
128.59300000000002	0.14795980972113165
128.737	0.14795980972113165
128.881	0.14797877052994513
129.024	0.14797877052994513
129.168	0.14798187320775097
129.312	0.14798945753127635
129.45600000000002	0.14799911030667234
129.6	0.14800428143634875
129.744	0.14800703937217616
129.888	0.14800703937217616
130.03300000000002	0.14801324472778782
130.175	0.14801841585746423
130.31900000000002	0.1480242764710975
130.463	0.14803634244034247
130.607	0.14805116634541482
130.751	0.14806392179861663
130.895	0.14808736425314967
131.03900000000002	0.14811253041757483
131.18200000000002	0.14812390690286292
131.326	0.14812390690286292
131.47	0.1481301122584746
131.614	0.14813218071034517
131.758	0.1481363176140863
131.901	0.14814045451782742
132.04500000000002	0.14814217822771958
132.189	0.14814562564750383
132.333	0.14815941532664093
132.477	0.14817492871567015
132.621	0.14818699468491509
132.76500000000001	0.14819940539613846
132.90800000000002	0.14820940291351287
133.053	0.14822043465682253
133.199	0.14822043465682253
133.34	0.14820940291351287
133.484	0.14820940291351287
133.62800000000001	0.14820940291351287
133.77200000000002	0.14820940291351287
133.916	0.14822043465682253
134.059	0.14823181114211062
134.203	0.14823181114211062
134.347	0.14823181114211062
134.491	0.1482366375298086
134.63500000000002	0.14823732701376546
134.779	0.14823732701376546
134.923	0.14823732701376546
135.066	0.14823698227178703
135.21	0.14823698227178703
135.354	0.14823732701376546
135.49800000000002	0.14823732701376546
135.642	0.14823732701376546
135.786	0.1482404296915713
135.93	0.14824353236937715
136.074	0.14824353236937715
136.217	0.14824353236937715
136.36100000000002	0.14824353236937715
136.505	0.14824353236937715
136.649	0.14824353236937715
136.793	0.14824353236937715
136.937	0.14824732453113987
137.08100000000002	0.14825284040279468
137.22400000000002	0.14825594308060053
137.368	0.14825284040279468
137.512	0.14825594308060053
137.656	0.14825628782257894
137.8	0.1482635274041259
137.943	0.14827007750171603
138.088	0.14827628285732772
138.231	0.14828283295491784
138.375	0.14828283295491784
138.519	0.14828662511668056
138.663	0.1482914515043785
138.80700000000002	0.14830317273164503
138.95000000000002	0.14831834137869582
139.094	0.14831834137869582
139.238	0.14831834137869582
139.382	0.14831834137869582
139.526	0.1483472997048837
139.67000000000002	0.1483472997048837
139.814	0.14835557351236595
139.958	0.14838349761261854
140.101	0.14839728729175566
140.245	0.14841521387463386
140.389	0.14842659035992192
140.53300000000002	0.1484348641674042
140.67700000000002	0.14844486168477858
140.821	0.1484576171379804
140.965	0.14846899362326849
141.108	0.14847692268877227
141.252	0.1484793358826213
141.39600000000002	0.14848933339999568
141.54000000000002	0.1485072599828739
141.685	0.14851622327431302
141.832	0.14852001543607568
141.973	0.14852346285585996
142.11700000000002	0.1485238075978384
142.26000000000002	0.1485265655336658
142.404	0.14852966821147165
142.548	0.14853449459916962
142.692	0.14854138943873818
142.836	0.148544492116544
142.98000000000002	0.1485520764400694
143.124	0.14856138447348693
143.268	0.14856448715129278
143.411	0.14856448715129278
143.555	0.14856448715129278
143.699	0.14856448715129278
143.84300000000002	0.14856448715129278
143.987	0.14856448715129278
144.131	0.14857310570075347
144.274	0.14858241373417097
144.418	0.14858551641197681
144.562	0.14858724012186897
144.70600000000002	0.1485886190897827
144.85	0.14859103228363169
144.993	0.1485927559935238
145.138	0.1486027535108982
145.281	0.1486127510282726
145.425	0.14861447473816472
145.56900000000002	0.14861861164190585
145.713	0.14861447473816472
145.857	0.14861447473816472
146.001	0.14861447473816472
146.144	0.14861378525420788
146.288	0.14861688793201372
146.43200000000002	0.1486217143197117
146.576	0.1486248169975175
146.72	0.1486248169975175
146.864	0.1486248169975175
147.008	0.1486296433852155
147.151	0.14863136709510766
147.29600000000002	0.14863515925687035
147.439	0.14864205409643888
147.583	0.14863515925687035
147.727	0.14864205409643888
147.871	0.14864653574215844
148.01500000000001	0.14864653574215844
148.15900000000002	0.14865170687183488
148.30200000000002	0.14864653574215844
148.446	0.14865170687183488
148.59	0.14865170687183488
148.734	0.14865170687183488
148.87800000000001	0.14866170438920925
149.02200000000002	0.14866170438920925
149.166	0.14867204664856207
149.31	0.14868204416593644
149.453	0.14868204416593644
149.597	0.14868204416593644
149.741	0.14868962848946182
149.88500000000002	0.1486954891030951
150.029	0.1486954891030951
150.173	0.1486954891030951
150.317	0.14870134971672835
150.46	0.14869859178090095
150.604	0.14869859178090095
150.74800000000002	0.14869859178090095
150.892	0.14869859178090095
151.036	0.14869859178090095
151.18200000000002	0.14869859178090095
151.324	0.14870134971672835
151.46800000000002	0.14869859178090095
151.61100000000002	0.14869445487715982
151.755	0.14869445487715982
151.899	0.14869445487715982
152.043	0.14869445487715982
152.186	0.14869445487715982
152.33100000000002	0.14869445487715982
152.47400000000002	0.1486854915857207
152.618	0.14867790726219532
152.762	0.14867790726219532
152.906	0.14867963097208742
153.05	0.14867963097208742
153.19400000000002	0.1486854915857207
153.338	0.14869445487715982
153.482	0.1486854915857207
153.625	0.14868480210176382
153.769	0.14868480210176382
153.913	0.14867963097208742
154.05700000000002	0.14868480210176382
154.201	0.14868480210176382
154.344	0.1486906627153971
154.489	0.14869445487715982
154.632	0.14869859178090095
154.776	0.14870858929827532
154.92000000000002	0.14871927629960657
155.064	0.14871927629960657
155.208	0.14872134475147714
155.351	0.14872237897741242
155.496	0.14872237897741242
155.64000000000001	0.14872134475147714
155.78300000000002	0.14871927629960657
155.92700000000002	0.14870858929827532
156.071	0.14869859178090095
156.215	0.14869859178090095
156.359	0.14869376539320295
156.502	0.14868480210176382
156.649	0.14868480210176382
156.79000000000002	0.14867963097208742
156.934	0.1486685992287778
157.078	0.148655843775576
157.222	0.148655843775576
157.366	0.148655843775576
157.51000000000002	0.14865274109777013
157.65300000000002	0.14864550151622313
157.797	0.14863757245071935
157.941	0.14862826441730181
158.085	0.14859723763924337
158.228	0.14859723763924337
158.37300000000002	0.14859723763924337
158.517	0.14856552137722806
158.66	0.14853863150291075
158.804	0.14853863150291075
158.948	0.1485127758545287
159.09300000000002	0.14848037010855658
159.23600000000002	0.14843900107114533
159.381	0.1484321062315768
159.525	0.14841900603639657
159.668	0.14841245593880642
159.812	0.14839763203373407
159.95600000000002	0.14838142916074798
160.1	0.14837453432117942
160.247	0.14837143164337357
160.387	0.14837143164337357
160.532	0.1483686737075462
160.675	0.1483686737075462
160.81900000000002	0.1483686737075462
160.963	0.1483686737075462
161.107	0.1483686737075462
161.251	0.1483686737075462
161.394	0.1483686737075462
161.53900000000002	0.1483686737075462
161.683	0.1483569524802797
161.826	0.1483569524802797
161.97	0.14834661022092688
162.114	0.148341094349272
162.258	0.14833523373563876
162.40200000000002	0.14833144157387607
162.54500000000002	0.14832351250837222
162.69	0.14831730715276054
162.833	0.14832351250837222
162.977	0.14832351250837222
163.121	0.14832351250837222
163.26500000000001	0.14833144157387607
163.40900000000002	0.14833144157387607
163.553	0.14833144157387607
163.696	0.14833523373563876
163.84	0.14833523373563876
163.984	0.14833523373563876
164.12800000000001	0.14833144157387607
164.27200000000002	0.14833144157387607
164.416	0.14832351250837222
164.56	0.14831730715276054
164.703	0.14831730715276054
164.848	0.14831730715276054
164.991	0.14831730715276054
165.13500000000002	0.14831730715276054
165.279	0.14831730715276054
165.423	0.14831730715276054
165.567	0.14831730715276054
165.711	0.14830903334527828
165.854	0.14830903334527828
165.99800000000002	0.14830903334527828
166.142	0.14829455418218435
166.286	0.1482745591474356
166.429	0.1482745591474356
166.574	0.14825835627444953
166.71800000000002	0.14825835627444953
166.862	0.14825835627444953
167.005	0.14824732453113987
167.149	0.14823629278783018
167.293	0.14824732453113987
167.437	0.14824732453113987
167.58100000000002	0.14823629278783018
167.725	0.14823319011002434
167.868	0.1482190556889088
168.012	0.1482190556889088
168.156	0.1482190556889088
168.30200000000002	0.1482190556889088
168.44400000000002	0.1481973369442679
168.589	0.14817872087743283
168.732	0.14817872087743283
168.875	0.14817872087743283
169.02100000000002	0.14815976006861936
169.163	0.14815976006861936
169.309	0.14815976006861936
169.451	0.14815976006861936
169.595	0.14818251303919555
169.738	0.14820112910603062
169.882	0.14818251303919555
170.026	0.14818251303919555
170.17000000000002	0.14820112910603062
170.314	0.14820112910603062
170.458	0.14820112910603062
170.602	0.1482190556889088
170.745	0.1482190556889088
170.889	0.14820112910603062
171.03300000000002	0.14818251303919555
171.17700000000002	0.14816148377851152
171.321	0.14815286522905083
171.465	0.1481459703894823
171.61100000000002	0.14813424916221574
171.75300000000001	0.14813424916221574
171.89600000000002	0.14811666732131595
172.04000000000002	0.14810494609404945
172.184	0.14810253290020048
172.328	0.14809736177052407
172.472	0.14808633002721439
172.616	0.14807322983203414
172.76000000000002	0.14808633002721439
172.90300000000002	0.14809356960876136
173.047	0.14809736177052407
173.191	0.14810253290020048
173.335	0.14810494609404945
173.479	0.14811666732131595
173.62300000000002	0.14811666732131595
173.767	0.14813424916221574
173.911	0.1481459703894823
174.054	0.14815286522905083
174.198	0.14815596790685667
174.342	0.14815596790685667
174.48600000000002	0.14815596790685667
174.62900000000002	0.14815286522905083
174.774	0.14815286522905083
174.917	0.14815286522905083
175.061	0.14815286522905083
175.205	0.1481283885485825
175.34900000000002	0.14810494609404945
175.493	0.14809874073843776
175.637	0.14810494609404945
175.78	0.14812735432264723
175.925	0.14809874073843776
176.068	0.14809874073843776
176.21200000000002	0.14809874073843776
176.356	0.14809874073843776
176.5	0.1481242516448414
176.645	0.1481242516448414
176.788	0.14810046444832992
176.933	0.14810046444832992
177.076	0.14809356960876136
177.22	0.14808633002721439
177.364	0.14808633002721439
177.508	0.14807322983203414
177.65200000000002	0.14807322983203414
177.79500000000002	0.14807322983203414
177.939	0.14809356960876136
178.083	0.14810046444832992
178.228	0.14812252793494923
178.371	0.1481463151314607
178.51500000000001	0.14815596790685667
178.65900000000002	0.14815596790685667
178.803	0.14815596790685667
178.946	0.1481573468747704
179.09	0.14816355223038205
179.234	0.14817148129588587
179.37800000000001	0.14817527345764858
179.52200000000002	0.14817734190951914
179.666	0.14817768665149758
179.81	0.1481818235552387
179.953	0.1481818235552387
180.097	0.14817768665149758
180.241	0.14817768665149758
180.38500000000002	0.1481818235552387
180.529	0.1481818235552387
180.672	0.1481818235552387
180.817	0.14819492375041893
180.96	0.14819492375041893
181.104	0.14820940291351287
181.24800000000002	0.14820940291351287
181.392	0.14821491878516768
181.536	0.1482162977530814
181.679	0.1482162977530814
181.824	0.14822043465682253
181.967	0.14822319259264993
182.11100000000002	0.14822457156056365
182.255	0.14823698227178705
182.399	0.14825904575840637
182.543	0.14827800656721984
182.687	0.14827800656721984
182.83	0.14827800656721984
182.97400000000002	0.14827800656721984
183.118	0.14829696737603337
183.262	0.148312825507041
183.406	0.14831351499099785
183.55	0.14831868612067423
183.69400000000002	0.14832144405650166
183.838	0.14832523621826438
183.981	0.14832523621826438
184.125	0.14833006260596238
184.269	0.1483341995097035
184.413	0.1483341995097035
184.55700000000002	0.1483355784776172
184.701	0.1483355784776172
184.845	0.1483355784776172
184.988	0.1483355784776172
185.132	0.1483355784776172
185.276	0.1483341995097035
185.42000000000002	0.1483341995097035
185.564	0.1483341995097035
185.708	0.14833626796157404
185.851	0.14833626796157404
185.995	0.14833937063937988
186.139	0.14833868115542304
186.28300000000002	0.14833868115542304
186.42700000000002	0.14834178383322888
186.571	0.14834178383322888
186.717	0.14833868115542304
186.859	0.14834178383322888
187.002	0.14834281805916416
187.14600000000002	0.14834281805916416
187.29000000000002	0.14834281805916416
187.434	0.14834281805916416
187.578	0.14834488651103472
187.721	0.14834488651103472
187.865	0.14834661022092688
188.00900000000001	0.14834661022092688
188.15300000000002	0.14835005764071113
188.297	0.14835005764071113
188.441	0.14835005764071113
188.585	0.14835005764071113
188.729	0.14835005764071113
188.872	0.14835005764071113
189.01600000000002	0.14835005764071113
189.16	0.14835316031851697
189.304	0.14835316031851697
189.447	0.14835005764071113
189.592	0.14834936815675426
189.73600000000002	0.14834488651103472
189.88	0.14834488651103472
190.023	0.14834488651103472
190.167	0.14834488651103472
190.311	0.14834488651103472
190.454	0.1483355784776172
190.59900000000002	0.1483355784776172
190.743	0.1483124807650626
190.886	0.1482935199562491
191.03	0.14828455666481
191.174	0.14828455666481
191.318	0.1482645616300612
191.46200000000002	0.14824629030520456
191.60500000000002	0.14824629030520456
191.75	0.14823732701376546
191.893	0.14823112165815377
192.037	0.14823112165815377
192.181	0.14823112165815377
192.32500000000002	0.14823112165815377
192.469	0.14822629527045578
192.613	0.14822629527045578
192.756	0.14822629527045578
192.9	0.14822629527045578
193.044	0.14820388704185805
193.18800000000002	0.14820388704185805
193.332	0.14817354974775643
193.476	0.1481573468747704
193.62	0.1481573468747704
193.763	0.14815700213279193
193.907	0.1481525204870724
194.05200000000002	0.1481525204870724
194.196	0.1481525204870724
194.34	0.14814183348574117
194.484	0.14814183348574117
194.62800000000001	0.14814183348574117
194.77200000000002	0.14813873080793533
194.91500000000002	0.14813873080793533
195.059	0.14813873080793533
195.203	0.14813873080793533
195.347	0.14813873080793533
195.491	0.14813873080793533
195.63500000000002	0.14813873080793533
195.779	0.14813873080793533
195.922	0.14813873080793533
196.066	0.14813873080793533
196.21	0.14813873080793533
196.357	0.14813873080793533
196.497	0.14813873080793533
196.642	0.14816079429455464
196.787	0.14816458645631733
196.929	0.14816458645631733
197.073	0.14816458645631733
197.217	0.14816458645631733
197.36100000000002	0.14816458645631733
197.505	0.14816458645631733
197.648	0.14816458645631733
197.792	0.14816458645631733
197.936	0.14816458645631733
198.08	0.14816458645631733
198.22400000000002	0.14816458645631733
198.368	0.1481680338761016
198.512	0.148178031393476
198.656	0.148178031393476
198.799	0.1481856157170014
198.943	0.14818596045897983
199.08700000000002	0.14818596045897983
199.231	0.14819182107261308
199.375	0.14819182107261308
199.519	0.1482018185899875
199.663	0.14820561075175015
199.806	0.14820561075175015
199.95000000000002	0.14820561075175015
200.094	0.14820147384800905
200.238	0.14820561075175015
200.382	0.14820561075175015
200.526	0.14820561075175015
200.67000000000002	0.14820561075175015
200.81300000000002	0.14820561075175015
200.957	0.14820561075175015
201.101	0.14820561075175015
201.245	0.1481956132343758
201.389	0.14817837613545443
201.53300000000002	0.14817837613545443
201.679	0.1481680338761016
201.82	0.1481642417143389
201.964	0.1481642417143389
202.108	0.14815458893894295
202.252	0.14814079925980586
202.39600000000002	0.14812838854858248
202.53900000000002	0.1481194252571434
202.684	0.14810977248174745
202.828	0.1480584059269618
202.971	0.14801117627591728
203.115	0.14798911278929794
203.25900000000001	0.1479532596235415
203.40300000000002	0.14791637223184984
203.547	0.1478743137104817
203.69	0.14783915002868214
203.835	0.1478143286062354
203.978	0.14780157315303358
204.122	0.1478005389270983
204.26600000000002	0.1478005389270983
204.41	0.1478005389270983
204.554	0.1478005389270983
204.698	0.14780088366907673
204.841	0.14780088366907673
204.985	0.14779054140972392
205.12900000000002	0.14776813318112614
205.273	0.14774917237231266
205.418	0.14773434846724032
205.561	0.1477243509498659
205.705	0.14772228249799535
205.848	0.14771711136831894
205.99200000000002	0.14771711136831894
206.136	0.14771090601270725
206.28	0.14771090601270725
206.424	0.14771090601270725
206.568	0.14771090601270725
206.71200000000002	0.14771090601270725
206.856	0.14771090601270725
206.999	0.14771090601270725
207.143	0.14771090601270725
207.287	0.14771090601270725
207.431	0.14771090601270725
207.574	0.14771090601270725
207.719	0.14770711385094454
207.863	0.14770504539907398
208.006	0.14770504539907398
208.15	0.14770504539907398
208.294	0.14770504539907398
208.43800000000002	0.14770504539907398
208.58100000000002	0.14770504539907398
208.726	0.14770504539907398
208.87	0.14770711385094454
209.013	0.14771090601270725
209.157	0.14771711136831894
209.30100000000002	0.14771711136831894
209.445	0.14771090601270725
209.589	0.14771090601270725
209.732	0.14771711136831894
209.877	0.14771711136831894
210.02	0.14772228249799535
210.16400000000002	0.1477243509498659
210.308	0.1477243509498659
210.452	0.14772228249799535
210.596	0.1477243509498659
210.74	0.1477243509498659
210.883	0.14773434846724032
211.02700000000002	0.14774400124263626
211.17100000000002	0.1477467591784637
211.315	0.14775124082418326
211.459	0.14775916988968707
211.604	0.1477698568910183
211.74800000000002	0.1477698568910183
211.89100000000002	0.1477698568910183
212.035	0.1477698568910183
212.179	0.1477750280206947
212.323	0.14778088863432798
212.467	0.14778812821587495
212.61100000000002	0.14778812821587495
212.755	0.14778812821587495
212.899	0.14778812821587495
213.042	0.1477915756356592
213.186	0.1477915756356592
213.33	0.1477915756356592
213.47400000000002	0.1477915756356592
213.618	0.1477915756356592
213.762	0.14778226760224167
213.906	0.14778226760224167
214.049	0.14778226760224167
214.193	0.14776434101936348
214.339	0.14775124082418326
214.481	0.14775124082418326
214.625	0.14775124082418326
214.769	0.14774124330680885
214.912	0.14775124082418326
215.056	0.14776434101936348
215.20000000000002	0.14776434101936348
215.344	0.14778226760224167
215.488	0.14779640202335717
215.632	0.14780708902468842
215.775	0.14783018673724302
215.92000000000002	0.1478512159979271
216.06300000000002	0.14785638712760352
216.207	0.1478512159979271
216.351	0.1478512159979271
216.495	0.1478512159979271
216.64100000000002	0.1478512159979271
216.78300000000002	0.1478512159979271
216.92600000000002	0.14783018673724302
217.07	0.14780708902468842
217.214	0.14779640202335717
217.358	0.14778226760224167
217.502	0.1477764069886084
217.64600000000002	0.1477764069886084
217.79000000000002	0.14776330679342817
217.933	0.1477584804057302
218.077	0.14775055134022638
218.221	0.14774124330680882
218.365	0.14773434846724032
218.50900000000001	0.14771676662634053
218.65300000000002	0.1476805687186057
218.797	0.14765850523198631
218.941	0.14765471307022363
219.084	0.1476464392627414
219.228	0.14762851267986318
219.372	0.14761748093655352
219.51600000000002	0.1476109308389634
219.66	0.1476047254833517
219.804	0.1476047254833517
219.948	0.1476047254833517
220.091	0.1476047254833517
220.235	0.14760300177345959
220.37900000000002	0.14760300177345959
220.523	0.14760300177345959
220.666	0.14758817786838724
220.811	0.14757611189914227
220.955	0.14757611189914227
221.09900000000002	0.14756749334968158
221.24200000000002	0.14753543234568783
221.386	0.1475081977293921
221.53	0.1475306059579899
221.674	0.1475306059579899
221.818	0.1475306059579899
221.96200000000002	0.1475306059579899
222.10500000000002	0.14750440556762942
222.249	0.14750440556762942
222.393	0.14750061340586673
222.537	0.14750061340586673
222.681	0.1474975107280609
222.82500000000002	0.1474899264045355
222.969	0.1474899264045355
223.113	0.14748165259705326
223.256	0.1474799288871611
223.40300000000002	0.1474799288871611
223.544	0.1474799288871611
223.68800000000002	0.1474799288871611
223.832	0.1474799288871611
223.975	0.14748165259705326
224.12	0.1474899264045355
224.263	0.1474899264045355
224.407	0.1474975107280609
224.55100000000002	0.1474975107280609
224.695	0.1474899264045355
224.839	0.1474899264045355
224.983	0.14748165259705326
225.126	0.14748165259705326
225.27	0.14748165259705326
225.41400000000002	0.14748165259705326
225.558	0.14748165259705326
225.702	0.14748165259705326
225.846	0.14748165259705326
225.99	0.1474799288871611
226.133	0.14747303404759257
226.27700000000002	0.14747303404759257
226.42100000000002	0.1474595891104339
226.565	0.14743959407568513
226.709	0.14740443039388557
226.853	0.14740443039388557
226.997	0.14740443039388557
227.14100000000002	0.14740443039388557
227.28400000000002	0.14740443039388557
227.428	0.14740443039388557
227.572	0.14740443039388557
227.716	0.14740443039388557
227.86	0.14740443039388557
228.00400000000002	0.1473234160289552
228.148	0.14722999095280143
228.292	0.14719586149693714
228.435	0.1471762112041668
228.579	0.14681423212681835
228.723	0.1464650085026717
228.86700000000002	0.14644570295187975
229.012	0.14642398420723884
229.156	0.14637330713641006
229.3	0.14632125109766758
229.443	0.1463012560629188
229.58700000000002	0.1462822952541053
229.731	0.14625333692791742
229.875	0.14621024418061407
230.019	0.14618990440388685
230.163	0.14618990440388685
230.30700000000002	0.14618990440388685
230.45000000000002	0.14618990440388685
230.594	0.14618990440388685
230.738	0.14618990440388685
230.882	0.14618990440388685
231.026	0.14618990440388685
231.169	0.14618990440388685
231.314	0.14618990440388685
231.458	0.14618990440388685
231.601	0.14618990440388685
231.745	0.14618990440388685
231.889	0.14618990440388685
232.03300000000002	0.14618990440388685
232.17700000000002	0.14618990440388685
232.321	0.14618990440388685
232.465	0.14618990440388685
232.609	0.14618990440388685
232.752	0.14618990440388685
232.89600000000002	0.14621300211644145
233.04000000000002	0.14621300211644145
233.184	0.14626230021935654
233.327	0.14629436122335027
233.473	0.14630435874072464
233.61700000000002	0.14631125358029318
233.75900000000001	0.14633021438910668
233.90300000000002	0.14636813600673365
234.047	0.14639226794522356
234.191	0.14640640236633906
234.334	0.14642398420723884
234.479	0.14644397924198763
234.622	0.14646707695454225
234.76600000000002	0.14650810124997507
234.91	0.14654223070583938
235.054	0.14654878080342948
235.198	0.14656394945048024
235.342	0.14657911809753105
235.485	0.14658497871116433
235.62900000000002	0.1466001473582151
235.773	0.14662186610285602
235.917	0.14663289784616568
236.061	0.14663600052397152
236.205	0.1466446190734322
236.34900000000002	0.14666185617235356
236.493	0.14667840378731806
236.636	0.14668598811084346
236.78	0.14669839882206684
236.924	0.14671046479131178
237.068	0.14672804663221156
237.21200000000002	0.14675321279663678
237.356	0.1467642445399464
237.5	0.1467690709276444
237.643	0.1467756210252345
237.787	0.14678596328458732
237.931	0.14679596080196172
238.07500000000002	0.14680113193163813
238.219	0.14681319790088307
238.363	0.14681319790088307
238.507	0.14680113193163813
238.651	0.14681319790088307
238.794	0.1468035451254871
238.93800000000002	0.14680251089955182
239.082	0.1468035451254871
239.226	0.14681319790088307
239.369	0.14682698758002016
239.514	0.14683181396771813
239.657	0.14683353767761026
239.80100000000002	0.14684077725915723
239.945	0.1468618065198413
240.089	0.14687697516689208
240.233	0.1468814568126116
240.376	0.1468862832003096
240.52100000000002	0.1468862832003096
240.66400000000002	0.14688904113613704
240.808	0.14688904113613704
240.952	0.1469090361708858
241.096	0.14692903120563455
241.24	0.14692903120563455
241.38400000000001	0.1469359260452031
241.529	0.14694109717487952
241.67100000000002	0.14694109717487952
241.815	0.14694419985268536
241.959	0.1469610922096283
242.103	0.14697695034063596
242.247	0.14697970827646337
242.39100000000002	0.14698212147031237
242.535	0.14698350043822606
242.678	0.14699005053581615
242.822	0.14700694289275912
242.966	0.14701797463606878
243.11	0.14701797463606878
243.25400000000002	0.14701797463606878
243.398	0.14702176679783147
243.542	0.14702176679783147
243.685	0.14701797463606878
243.83	0.14701797463606878
243.973	0.14701797463606878
244.11700000000002	0.14701797463606878
244.261	0.14701797463606878
244.405	0.14701625092617665
244.549	0.1469993585692337
244.693	0.1469993585692337
244.836	0.14698350043822606
244.98000000000002	0.14698350043822606
245.124	0.14698212147031237
245.268	0.14697970827646337
245.412	0.14697419240480852
245.556	0.14697419240480852
245.70000000000002	0.14697419240480852
245.84300000000002	0.14695557633797346
245.987	0.14695557633797346
246.131	0.14695557633797346
246.275	0.14693627078718152
246.419	0.14692903120563455
246.564	0.14692903120563455
246.711	0.14692903120563455
246.851	0.14692386007595817
246.995	0.14690593349307995
247.139	0.14690593349307995
247.28300000000002	0.14687697516689208
247.42700000000002	0.14686008280994917
247.57	0.14678492905865204
247.714	0.1466739221415985
247.858	0.1465811865494016
248.002	0.14643018956285053
248.14600000000002	0.14599133302431283
248.29000000000002	0.14560901417023717
248.434	0.14555385545368885
248.578	0.14550662580264434
248.721	0.14546939366897416
248.865	0.14544353802059215
249.00900000000001	0.1453997557893319
249.15300000000002	0.1453997557893319
249.297	0.1453997557893319
249.441	0.14539872156339662
249.585	0.14539872156339662
249.728	0.14539872156339662
249.872	0.14539872156339662
250.01600000000002	0.14539872156339662
250.16	0.14539872156339662
250.304	0.14539872156339662
250.45000000000002	0.14537458962490674
250.592	0.14537458962490674
250.73600000000002	0.14534769975058942
250.87900000000002	0.14532218884418582
251.023	0.14531115710087616
251.167	0.14529978061558804
251.311	0.1452777171289687
251.455	0.1452428981891476
251.59900000000002	0.1451815341169876
251.743	0.145115688399108
251.886	0.14509086697666124
252.03	0.14509086697666124
252.174	0.14509086697666124
252.318	0.14509086697666124
252.46200000000002	0.14504260309968142
252.606	0.14496986254223332
252.75	0.1448426527521937
252.893	0.1445934043017909
253.037	0.14439931456793645
253.181	0.14435587707865463
253.32500000000002	0.14414213705202983
253.469	0.14370914112712535
253.612	0.14346885596816167
253.757	0.14340094179841154
253.90200000000002	0.14340094179841154
254.044	0.14340094179841154
254.18800000000002	0.14340094179841154
254.332	0.14340094179841154
254.476	0.14290692654332546
254.619	0.14242084035374325
254.763	0.1424015348029513
254.907	0.14227087759312745
255.05100000000002	0.14213160183384288
255.195	0.14213160183384288
255.339	0.14213160183384288
255.483	0.14213160183384288
255.627	0.14213160183384288
255.76999999999998	0.14213160183384288
255.914	0.14213160183384288
256.058	0.14213160183384288
256.202	0.14213160183384288
256.345	0.14213160183384288
256.49	0.14213160183384288
256.634	0.14213160183384288
256.778	0.14213160183384288
256.921	0.14213160183384288
257.065	0.14213160183384288
257.209	0.14213160183384288
257.353	0.14213160183384288
257.496	0.14213160183384288
257.64	0.14213160183384288
257.784	0.14213160183384288
257.928	0.14213160183384288
258.072	0.14213160183384288
258.22	0.1422081345530537
258.36	0.1423170730182367
258.503	0.1424015348029513
258.648	0.14244255909838413
258.791	0.14269284177472222
258.935	0.14294484816095246
259.079	0.1429758749390109
259.223	0.14303103365555922
259.367	0.14313342202315207
259.51300000000003	0.14322167596962943
259.65500000000003	0.14326925036265237
259.798	0.1432906243653148
259.942	0.14329993239873237
260.086	0.1433064824963225
260.23	0.14331751423963218
260.374	0.14333302762866137
260.517	0.1433409566941652
260.661	0.14336922553639622
260.805	0.14339611541071354
260.949	0.14340921560589376
261.093	0.14345092938528345
261.237	0.14348299038927714
261.38100000000003	0.1434950563585221
261.524	0.14351815407107676
261.668	0.1436053737916188
261.812	0.14365742983036128
261.956	0.14365742983036128
262.1	0.14365742983036128
262.244	0.14365742983036128
262.38800000000003	0.14365742983036128
262.531	0.14365742983036128
262.676	0.14365742983036128
262.819	0.14365742983036128
262.963	0.14365742983036128
263.107	0.14365742983036128
263.25100000000003	0.14365742983036128
263.395	0.14365742983036128
263.538	0.14365742983036128
263.682	0.14365742983036128
263.826	0.14365742983036128
263.971	0.14358468927291318
264.115	0.14357021010981924
264.259	0.14357021010981924
264.403	0.1434950563585221
264.546	0.1434950563585221
264.69	0.1434950563585221
264.834	0.14344989515934817
264.978	0.14344989515934817
265.122	0.14344989515934817
265.266	0.14344989515934817
265.41	0.14327097407254452
265.553	0.1430951556635467
265.697	0.14288038141098658
265.841	0.141669992324729
265.985	0.14039927339224667
266.129	0.14007073428680564
266.273	0.13994386923874447
266.41700000000003	0.13981528048079114
266.56	0.13937952662005926
266.704	0.1388200103890721
266.848	0.13851284528629354
266.992	0.1384070094989164
267.136	0.13815362414477247
267.28000000000003	0.13738657324277215
267.42400000000004	0.13653816323386303
267.567	0.13618721589982424
267.711	0.13603173726755358
267.855	0.13586936379571443
267.999	0.13570319816211257
268.14300000000003	0.13548428700581133
268.28700000000003	0.13522297258616361
268.431	0.13256190925468475
268.575	0.12969400073614962
268.719	0.1293292637229737
268.862	0.1290634676576064
269.00600000000003	0.1287252757767694
269.15000000000003	0.128590136921226
269.294	0.12846982197075493
269.438	0.1259352789453588
269.581	0.12294705547635261
269.725	0.1224075342801142
269.869	0.12219999960910108
270.01300000000003	0.12194420106110815
270.156	0.12180147788203932
270.301	0.12173115051844019
270.445	0.12126885152536945
270.588	0.12066968996686313
270.732	0.12051145339876507
270.87600000000003	0.12004570698591004
271.024	0.11955376018269456
271.163	0.11930968286196819
271.308	0.11880463586357246
271.452	0.1178972749763523
271.595	0.11453845388053698
271.73900000000003	0.11172880675635602
271.883	0.11156195163879729
272.027	0.11143060494501655
272.172	0.11140612826454824
272.315	0.1113471773862372
272.459	0.11127960795846549
272.60200000000003	0.111227551919723
272.746	0.11115998249195129
272.89	0.11099691953615526
273.034	0.11063287200693622
273.181	0.11003302096447304
273.321	0.1092859650972215
273.466	0.10883262939558985
273.609	0.10822347031970916
273.753	0.10715752812241253
273.897	0.10654733482059653
274.041	0.10613605764033299
274.185	0.10567789555100336
274.329	0.10559757067002984
274.472	0.10553206969412869
274.616	0.10553206969412869
274.76	0.10553206969412869
274.904	0.10553206969412869
275.048	0.10553206969412869
275.192	0.10553206969412869
275.337	0.10553206969412869
275.48	0.10553206969412869
275.623	0.10553206969412869
275.767	0.10553206969412869
275.911	0.10553206969412869
276.055	0.10553206969412869
276.199	0.10553206969412869
276.342	0.10553206969412869
276.487	0.10553206969412869
276.63	0.10553206969412869
276.778	0.10553206969412869
276.918	0.10553206969412869
277.064	0.10553206969412869
277.206	0.10553206969412869
277.35	0.10553206969412869
277.493	0.10553206969412869
277.637	0.10553206969412869
277.781	0.10553206969412869
277.925	0.10557792037725951
278.07	0.10589784093323987
278.214	0.10614433144781524
278.357	0.10614433144781524
278.50100000000003	0.10615019206144852
278.644	0.10636531105598704
278.788	0.10655216120829453
278.932	0.10660766466682128
279.076	0.10675452474963124
279.22	0.10675452474963124
279.363	0.10675452474963124
279.508	0.10675452474963124
279.651	0.10675452474963124
279.795	0.10675452474963124
279.939	0.10675452474963124
280.083	0.10675452474963124
280.22700000000003	0.10675452474963124
280.371	0.10675452474963124
280.514	0.10675452474963124
280.658	0.10675452474963124
280.802	0.10675452474963124
280.946	0.10675452474963124
281.09000000000003	0.10675452474963124
281.234	0.10675452474963124
281.378	0.10675452474963124
281.523	0.10675452474963124
281.666	0.10675452474963124
281.81	0.10675452474963124
281.954	0.10660766466682128
282.098	0.10655216120829453
282.242	0.106337042213756
282.385	0.10614226299594468
282.53000000000003	0.1061033071523824
282.67400000000004	0.10590645948270053
282.817	0.10553655133984825
282.961	0.09901437784998575
283.105	0.0926735386407759
283.249	0.08898066256786469
283.39300000000003	0.08352994714695364
283.536	0.08130739561203405
283.68	0.08085957578205724
283.824	0.07799063303758683
283.968	0.0744704726958676
284.112	0.07375444360667449
284.25600000000003	0.07343142037288827
284.40000000000003	0.07308254149072005
284.544	0.07279847410049611
284.687	0.07178424319996354
284.831	0.0709292830934643
284.975	0.07072795377806287
285.119	0.06969717526256582
285.26300000000003	0.06748151856721478
285.407	0.06574264002802843
285.551	0.0651586471165729
285.694	0.0649411149281854
285.838	0.0648176972999085
285.982	0.06454879855673536
286.12600000000003	0.06421991470931589
286.27	0.06402892765326726
286.414	0.06394825803031533
286.559	0.06130270808786568
286.701	0.048472101134765466
286.845	0.032091341287822886
286.991	0.020590059403537614
287.133	0.012614108990647981
287.277	0.007610868657735324
