0.0	0.18058933983146497
0.10399999999999998	0.18064778380585778
0.20999999999999996	0.1806899651091152
0.31399999999999995	0.18071232628192635
0.41800000000000004	0.1807306217869537
0.522	0.1807819508427248
0.626	0.1808322634815499
0.73	0.18084700152726635
0.838	0.18086478882382073
0.949	0.18088155970342912
1.053	0.18090747833555113
1.157	0.1809588073913222
1.262	0.18102233345044483
1.366	0.18106553117064825
1.4700000000000002	0.1811336311060277
1.5739999999999998	0.18123476459215093
1.678	0.18129320856654377
1.782	0.1813079466122602
1.8860000000000001	0.1813379309121661
1.992	0.18138976817641017
2.096	0.18150563970824984
2.2	0.1816575940416712
2.3040000000000003	0.18173789098040222
2.408	0.1817572029023755
2.512	0.18177753124129475
2.616	0.18180395808188976
2.72	0.18182581104622794
2.8240000000000003	0.18184461475972824
2.975	0.18190966544426984
3.141	0.18205399665059646
3.283	0.18217495026716596
3.427	0.18222831215682897
3.571	0.18226795241772148
3.7150000000000003	0.18233401951920902
3.859	0.18240059482916954
4.002	0.18243515300533225
4.146	0.18244836642562978
4.29	0.1824641208882922
4.434	0.1825042693576577
4.578	0.18260794388614585
4.722	0.18268569978251195
4.866	0.18273093033660726
5.01	0.18282952278036557
5.154	0.1828859339208665
5.298	0.18290067196658294
5.442	0.18299519874255743
5.586	0.18311259489981604
5.73	0.18316646499795206
5.874	0.18318780975381727
6.018	0.18319848213174986
6.1610000000000005	0.18323863060111534
6.305	0.18330520591107588
6.449	0.1833417969211305
6.593	0.1833473872143333
6.737	0.18335399392448204
6.881	0.18338347001591496
7.025	0.18342158565138855
7.1690000000000005	0.18343937294794288
7.312	0.18344547144961865
7.456	0.1834556356190783
7.6000000000000005	0.18349171842065995
7.744	0.1835278012222416
7.8870000000000005	0.18354762135268787
8.032	0.18358827803052635
8.176	0.18362639366599995
8.319	0.18366755855231143
8.463000000000001	0.18370414956236603
8.607	0.1837295599860151
8.751	0.18377072487232654
8.895	0.18380121738070543
9.039	0.18381748005184084
9.183	0.18382561138740855
9.326	0.18383730018228708
9.47	0.18386677627372
9.614	0.18389828519904483
9.758000000000001	0.18392166278880195
9.902	0.1839668933428973
10.046	0.18400043510211403
10.19	0.18400246793600594
10.334	0.1840309276104929
10.477	0.1840847977086289
10.621	0.1841112245492239
10.766	0.18412392976104844
10.91	0.18417729165071145
11.053	0.1842311617488474
11.197000000000001	0.18425149008776665
11.34	0.18426470350806418
11.485	0.18428655647240239
11.629	0.18430485197742968
11.773	0.18430688481132163
11.917	0.1843079012282676
12.061	0.18431501614688933
12.204	0.18432365569093
12.35	0.1843267049417679
12.492	0.18434144298748434
12.636	0.18437041087044426
12.78	0.18438972279241755
12.924	0.18441665784148553
13.068	0.18444003543124265
13.212	0.18444308468208054
13.356	0.18444816676681036
13.5	0.18446239660405384
13.644	0.18448882344464884
13.788	0.18451474207677088
13.931000000000001	0.1845310047479063
14.074	0.18456403829865006
14.218	0.18459351439008298
14.362	0.18459707184939383
14.505	0.1846057113934345
14.649000000000001	0.18461740018831307
14.793	0.1846809262474357
14.937	0.18475156722518007
15.083	0.1847724037725723
15.225	0.18480442090637011
15.369	0.18484965146046545
15.512	0.18489539022303372
15.656	0.18493858794323711
15.799999999999999	0.184968572243143
15.944	0.18498585133122436
16.087999999999997	0.18499347445831907
16.232	0.1850087207125085
16.375999999999998	0.18502650800906284
16.519	0.1850407378463063
16.662999999999997	0.18506564006148238
16.807	0.18509714898680718
16.950999999999997	0.18511747732572645
17.095	0.18512459224434819
17.238999999999997	0.18513018253755098
17.383	0.18513577283075378
17.526999999999997	0.18514390416632148
17.669999999999998	0.1851484780425783
17.814	0.18514949445952428
17.958	0.18515508475272707
18.101999999999997	0.18518862651194382
18.244999999999997	0.18521810260337673
18.389999999999997	0.1852231846881065
18.532999999999998	0.18523233244062015
18.677	0.1852424966100798
18.820999999999998	0.1852562182388503
18.965	0.1852663824083099
19.108999999999998	0.1852689234506748
19.252999999999997	0.18527959582860742
19.395999999999997	0.1853019570014186
19.540999999999997	0.1853339741352164
19.683999999999997	0.18535735172497353
19.828	0.18537056514527103
19.971999999999998	0.18538072931473065
20.116	0.18538987706724433
20.259999999999998	0.18539851661128498
20.404	0.18540766436379863
20.548	0.18542545166035299
20.691999999999997	0.18543714045523157
20.834999999999997	0.18544171433148837
20.979	0.18545035387552905
21.122999999999998	0.18547220683986726
21.267	0.18550015830588124
21.412999999999997	0.18553115902273307
21.554	0.18556215973958493
21.698999999999998	0.18557740599377437
21.842	0.18558197987003117
21.985999999999997	0.18561145596146406
22.13	0.18564194846984294
22.273999999999997	0.1856510962223566
22.418	0.18566481785112707
22.563	0.18568616260699228
22.706	0.1857049663204926
22.849999999999998	0.18571004840522237
22.994	0.18571665511537117
23.137999999999998	0.18572986853566867
23.282	0.1857425737474932
23.426	0.18574968866611494
23.569999999999997	0.1857527379169528
23.712999999999997	0.1857552789593177
23.857999999999997	0.1857598528355745
24.000999999999998	0.18576341029488538
24.145	0.1857679841711422
24.288999999999998	0.18579186996937236
24.433	0.18581372293371054
24.576999999999998	0.18581880501844034
24.721	0.1858233788946972
24.863999999999997	0.18582947739637298
25.008	0.1858386251488866
25.153	0.18584574006750834
25.296	0.1858498057352922
25.439999999999998	0.185855904236968
25.584	0.18585996990475184
25.727999999999998	0.18586149453017078
25.872	0.1858635273640627
26.014999999999997	0.18586556019795458
26.159	0.18587013407421143
26.304	0.18587521615894126
26.447	0.1858787736182521
26.592	0.18588080645214405
26.735999999999997	0.18588385570298194
26.878999999999998	0.1858930034554956
27.023	0.18589961016564432
27.166999999999998	0.18590215120800924
27.311	0.1859138400028878
27.455	0.18592298775540148
27.598	0.18592400417234745
27.741999999999997	0.1859250205892934
27.886	0.18592857804860427
28.029999999999998	0.1859331519248611
28.174	0.1859412832604288
28.317999999999998	0.18594839817905054
28.462	0.18595348026378034
28.605999999999998	0.1859595787654561
28.747999999999998	0.18596313622476698
28.892999999999997	0.18597025114338872
29.035999999999998	0.18597787427048343
29.18	0.1859870220229971
29.323999999999998	0.18599413694161884
29.468	0.18599566156703778
29.612	0.18599616977551076
29.755	0.18599769440092973
29.9	0.18599921902634867
30.043	0.1860007436517676
30.191	0.18600633394497035
30.331	0.18601700632290297
30.474999999999998	0.1860378428702952
30.619	0.18605359733295762
30.762999999999998	0.18605766300074147
30.906	0.18606071225157939
31.049999999999997	0.18606274508547127
31.194	0.18606731896172812
31.337999999999997	0.18607189283798492
31.482	0.1860749420888228
31.625999999999998	0.18607799133966071
31.77	0.1860805323820256
31.913999999999998	0.18608459804980948
32.057	0.18609069655148525
32.201	0.18609374580232313
32.345	0.18609476221926907
32.489000000000004	0.186096286844688
32.633	0.186096795053161
32.777	0.1860998443039989
32.921	0.18610390997178272
33.064	0.18610950026498554
33.208	0.18611712339208025
33.352000000000004	0.186124238310702
33.496	0.1861328778547427
33.639	0.18613795993947252
33.784	0.1861399927733644
33.912	0.18614253381572932
34.055	0.18614812410893208
34.199000000000005	0.18615371440213488
34.343	0.1861567636529728
34.487	0.18615981290381067
34.631	0.18616133752922961
34.775	0.18616286215464856
34.919000000000004	0.1861638785715945
35.062000000000005	0.18616692782243238
35.206	0.18617150169868923
35.35	0.1861755673664731
35.494	0.18618268228509482
35.638000000000005	0.18619081362066253
35.782000000000004	0.18619742033081127
35.926	0.18620605987485195
36.069	0.18621266658500069
36.213	0.18621368300194668
36.357	0.18621368300194668
36.501000000000005	0.18621419121041966
36.645	0.18621571583583857
36.789	0.18622181433751436
36.933	0.18622943746460907
37.076	0.1862345195493389
37.221000000000004	0.18623858521712272
37.364000000000004	0.1862451919272715
37.509	0.1862528150543662
37.652	0.1862690777255016
37.796	0.18628381577121805
37.939	0.18628635681358297
38.084	0.1862909306898398
38.227000000000004	0.18629804560846153
38.373000000000005	0.1863056687355562
38.515	0.18631481648806988
38.660000000000004	0.18632040678127268
38.803000000000004	0.18632091498974568
38.947	0.1863234560321106
39.09	0.18633209557615127
39.234	0.18634022691171898
39.378	0.1863427679540839
39.528	0.1863442925795028
39.666000000000004	0.1863498828727056
39.811	0.18636411270994907
39.954	0.18637529329635466
40.099000000000004	0.18637732613024655
40.243	0.1863813917980304
40.387	0.18638850671665214
40.531	0.18639612984374687
40.674	0.18640222834542264
40.819	0.18640476938778755
40.963	0.18640781863862543
41.106	0.18641086788946332
41.25	0.18641340893182823
41.394	0.18641899922503102
41.539	0.18642458951823382
41.684000000000005	0.18643221264532853
41.825	0.1864388193554773
41.97	0.18644745889951797
42.113	0.18646067231981547
42.257000000000005	0.18646880365538315
42.404	0.18647286932316703
42.546	0.18647490215705892
42.690000000000005	0.1864759185740049
42.833	0.18649370587055925
42.977000000000004	0.1865120013755866
43.121	0.18651708346031637
43.267	0.18652267375351916
43.409	0.18652521479588408
43.551	0.1865297886721409
43.695	0.18653385433992475
43.839	0.18653537896534372
43.983000000000004	0.1865384282161816
44.127	0.18654452671785737
44.271	0.18655265805342505
44.414	0.18655824834662782
44.558	0.1865597729720468
44.702000000000005	0.18656282222288467
44.848	0.18656688789066853
44.99	0.1865699371415064
45.134	0.18657400280929026
45.277	0.18657705206012815
45.421	0.18657857668554706
45.567	0.18657959310249303
45.709	0.18658111772791197
45.853	0.18658721622958777
45.996	0.18659331473126353
46.141000000000005	0.1865994132329393
46.284	0.18662177440575045
46.428000000000004	0.18664413557856163
46.572	0.186661414666643
46.716	0.18667564450388646
46.86	0.1866771691293054
47.005	0.18667869375472435
47.147	0.18668174300556228
47.275	0.18668326763098123
47.419000000000004	0.18669648105127873
47.563	0.18671579297325197
47.707	0.18672341610034668
47.851	0.18672748176813053
47.995000000000005	0.18673307206133333
48.138000000000005	0.18673815414606315
48.282000000000004	0.18674018697995504
48.445	0.18674425264773892
48.586	0.18674933473246874
48.730000000000004	0.1867584824849824
48.873000000000005	0.18677474515611778
49.018	0.18678338470015846
49.161	0.18678389290863145
49.305	0.18678795857641528
49.45	0.18679202424419913
49.593	0.18679253245267213
49.737	0.18679456528656405
49.882000000000005	0.18680015557976684
50.024	0.18680523766449664
50.168	0.1868067622899156
50.312000000000005	0.18681031974922646
50.456	0.18681336900006434
50.6	0.18681336900006434
50.744	0.1868143854170103
50.888000000000005	0.18681591004242926
51.031	0.18681641825090226
51.175000000000004	0.18681743466784823
51.319	0.18681895929326714
51.463	0.1868194675017401
51.607	0.1868194675017401
51.752	0.18682048391868608
51.895	0.18682200854410505
52.039	0.1868250577949429
52.182	0.1868281070457808
52.326	0.18682963167119973
52.47	0.18683522196440255
52.614000000000004	0.1868443697169162
52.757000000000005	0.186849960010119
52.902	0.1868525010524839
53.046	0.18685555030332177
53.189	0.18685758313721368
53.333	0.18686063238805156
53.477000000000004	0.18686418984736244
53.621	0.18686673088972736
53.764	0.18686876372361927
53.909	0.18687181297445718
54.052	0.18687587864224103
54.196000000000005	0.18687791147613295
54.34	0.18687943610155192
54.484	0.18688400997780874
54.631	0.1868875674371196
54.772	0.18689112489643045
54.915	0.1868977316065792
55.059000000000005	0.1869012890658901
55.203	0.186903321899782
55.348	0.1869063711506199
55.492000000000004	0.18690789577603883
55.637	0.18691043681840372
55.78	0.18691348606924157
55.923	0.18691501069466054
56.067	0.18691907636244443
56.211	0.18692314203022825
56.355000000000004	0.18692466665564722
56.499	0.1869251748641202
56.643	0.18692822411495807
56.786	0.18692822411495807
56.93	0.18693228978274193
57.074000000000005	0.18693228978274193
57.218	0.1869333061996879
57.362	0.18693381440816087
57.508	0.18693432261663387
57.651	0.18693533903357984
57.795	0.1869378800759447
57.941	0.18693991290983664
58.083	0.18694194574372855
58.225	0.18694651961998537
58.369	0.18694956887082329
58.513000000000005	0.1869516017047152
58.657000000000004	0.1869536345386071
58.801	0.1869536345386071
58.944	0.18695566737249902
59.088	0.18695871662333693
59.232	0.18696024124875588
59.378	0.18696074945722888
59.52	0.18696074945722888
59.664	0.18696074945722888
59.808	0.18696074945722888
59.951	0.18696074945722888
60.099000000000004	0.18696074945722888
60.239000000000004	0.18696074945722888
60.383	0.18696074945722888
60.527	0.18696074945722888
60.67	0.18696074945722888
60.815000000000005	0.18696227408264782
60.958	0.1869648151250127
61.102000000000004	0.18696633975043164
61.246	0.18696633975043164
61.39	0.18696633975043164
61.534	0.18696786437585058
61.678000000000004	0.18696938900126953
61.822	0.18697142183516147
61.966	0.18697142183516147
62.109	0.18697447108599935
62.253	0.18697447108599935
62.397	0.18697447108599935
62.541000000000004	0.18697752033683723
62.685	0.18698158600462111
62.828	0.18698565167240494
62.973	0.18698717629782388
63.116	0.18698870092324282
63.260000000000005	0.18699124196560774
63.404	0.1869922583825537
63.548	0.18699276659102668
63.692	0.18699429121644562
63.836000000000006	0.1869968322588105
63.979000000000006	0.18699886509270242
64.12299999999999	0.18700191434354033
64.267	0.18700191434354033
64.411	0.18700445538590524
64.55499999999999	0.18700496359437824
64.699	0.18700496359437824
64.84299999999999	0.1870054718028512
64.98599999999999	0.1870054718028512
65.13199999999999	0.18700648821979715
65.274	0.18701055388758103
65.41799999999999	0.18701512776383783
65.562	0.18701665238925677
65.70599999999999	0.18701665238925677
65.85	0.18701665238925677
65.994	0.18701665238925677
66.137	0.18701665238925677
66.28099999999999	0.18701665238925677
66.425	0.18701766880620274
66.55399999999999	0.1870191934316217
66.69699999999999	0.18701970164009468
66.83999999999999	0.18701970164009468
66.984	0.18702071805704062
67.128	0.18702071805704062
67.27199999999999	0.1870217344739866
67.416	0.1870217344739866
67.55999999999999	0.1870237673078785
67.70299999999999	0.18702732476718936
67.848	0.18702986580955427
67.991	0.1870324068519192
68.13499999999999	0.18703443968581113
68.279	0.18703443968581113
68.42399999999999	0.18703647251970304
68.567	0.18703952177054095
68.711	0.18704206281290586
68.854	0.1870430792298518
68.99799999999999	0.18704409564679778
69.143	0.18704409564679778
69.28699999999999	0.18704511206374375
69.431	0.18704511206374375
69.57499999999999	0.18704562027221672
69.71799999999999	0.18704612848068972
69.862	0.1870471448976357
70.006	0.1870486695230546
70.14999999999999	0.18704917773152757
70.294	0.18705070235694649
70.43799999999999	0.18705070235694649
70.582	0.18705070235694649
70.726	0.18705070235694649
70.869	0.18705781727556825
71.014	0.18706340756877105
71.157	0.18706340756877105
71.30099999999999	0.18706340756877105
71.445	0.18706391577724402
71.588	0.18706544040266296
71.73299999999999	0.18706848965350087
71.87599999999999	0.18706848965350087
72.02	0.18707153890433875
72.164	0.18707407994670366
72.30799999999999	0.18707407994670366
72.452	0.18707662098906858
72.595	0.18707763740601452
72.74	0.1870781456144875
72.884	0.18708017844837943
73.027	0.18708170307379837
73.17099999999999	0.18708271949074434
73.315	0.18708424411616326
73.45899999999999	0.18708475232463623
73.603	0.18708475232463623
73.746	0.18708627695005517
73.89	0.1870878015754741
74.03399999999999	0.1870878015754741
74.178	0.1870878015754741
74.32199999999999	0.1870878015754741
74.466	0.18708881799242008
74.61	0.18708983440936605
74.75399999999999	0.187091359034785
74.89699999999999	0.187091359034785
75.042	0.18709288366020393
75.18599999999999	0.18709288366020393
75.333	0.1870964411195148
75.47399999999999	0.1870964411195148
75.618	0.1870964411195148
75.762	0.18710101499577164
75.905	0.18710355603813655
76.04899999999999	0.1871050806635555
76.193	0.1871050806635555
76.33699999999999	0.18710609708050147
76.47999999999999	0.18710762170592038
76.624	0.18710914633133932
76.768	0.18711524483301512
76.91199999999999	0.1871203269177449
77.056	0.18712134333469088
77.19999999999999	0.18712235975163682
77.344	0.1871238843770558
77.488	0.18712693362789368
77.631	0.18712693362789368
77.77499999999999	0.18712845825331262
77.919	0.18712845825331262
78.06299999999999	0.18712896646178562
78.207	0.1871294746702586
78.351	0.18713049108720453
78.49499999999999	0.18713252392109647
78.63799999999999	0.18713354033804244
78.783	0.1871396388397182
78.92699999999999	0.18714573734139398
79.07	0.18714573734139398
79.214	0.18714624554986697
79.35799999999999	0.18714777017528592
79.502	0.18714878659223189
79.646	0.18714878659223189
79.789	0.18714878659223189
79.934	0.18714878659223189
80.077	0.18715234405154274
80.22099999999999	0.1871559015108536
80.365	0.18715691792779957
80.509	0.18715793434474554
80.65299999999999	0.18715793434474554
80.797	0.18715793434474554
80.94	0.1871584425532185
81.08399999999999	0.18715895076169148
81.228	0.18715895076169148
81.372	0.18716250822100233
81.51599999999999	0.18715895076169148
81.66	0.18716250822100233
81.80399999999999	0.1871665738887862
81.94699999999999	0.1871665738887862
82.09299999999999	0.18716708209725916
82.235	0.18716708209725916
82.37899999999999	0.18716809851420513
82.523	0.187172164181989
82.667	0.18717572164129986
82.81099999999999	0.1871772462667188
82.955	0.18717826268366478
83.098	0.18717877089213775
83.24199999999999	0.18718029551755672
83.386	0.18718182014297563
83.53	0.1871823283514486
83.673	0.1871823283514486
83.818	0.1871823283514486
83.96199999999999	0.1871823283514486
84.10499999999999	0.1871823283514486
84.249	0.1871833447683946
84.393	0.1871858858107595
84.539	0.18718893506159737
84.681	0.18719147610396228
84.82499999999999	0.18719249252090825
84.969	0.18719401714632716
85.112	0.1871955417717461
85.256	0.1871955417717461
85.39999999999999	0.18719706639716505
85.544	0.187198591022584
85.68799999999999	0.187198591022584
85.832	0.18719706639716505
85.976	0.18719706639716505
86.119	0.18719706639716505
86.26299999999999	0.18719706639716505
86.407	0.18719706639716505
86.55099999999999	0.187198591022584
86.695	0.187198591022584
86.838	0.18720011564800293
86.98299999999999	0.18720011564800293
87.127	0.18720011564800293
87.271	0.18720011564800293
87.41499999999999	0.1872016402734219
87.559	0.1872016402734219
87.702	0.1872016402734219
87.84599999999999	0.18720011564800293
87.98899999999999	0.18720011564800293
88.133	0.1872016402734219
88.277	0.1872016402734219
88.42099999999999	0.18720214848189487
88.565	0.18720367310731384
88.70899999999999	0.18720468952425978
88.853	0.18720621414967872
88.997	0.18720621414967872
89.14	0.1872092634005166
89.28399999999999	0.18721231265135452
89.428	0.18721587011066537
89.57199999999999	0.18721587011066537
89.716	0.18721891936150326
89.86	0.18721891936150326
90.00399999999999	0.18721891936150326
90.149	0.18721891936150326
90.291	0.18721891936150326
90.43499999999999	0.18721587011066537
90.579	0.18721231265135452
90.723	0.18721231265135452
90.86699999999999	0.18721231265135452
91.011	0.18721587011066537
91.154	0.18721891936150326
91.298	0.18721993577844923
91.442	0.18721993577844923
91.586	0.18721993577844923
91.72999999999999	0.1872204439869222
91.85799999999999	0.18722196861234114
92.002	0.18722196861234114
92.146	0.18722196861234114
92.289	0.18722196861234114
92.43299999999999	0.18722298502928708
92.57799999999999	0.18722196861234114
92.722	0.18722196861234114
92.866	0.18722298502928708
93.00999999999999	0.18722298502928708
93.154	0.18722298502928708
93.297	0.18722196861234114
93.44099999999999	0.18722196861234114
93.58699999999999	0.1872204439869222
93.729	0.18721993577844923
93.87299999999999	0.18721993577844923
94.01599999999999	0.18721993577844923
94.161	0.18721993577844923
94.30499999999999	0.18721993577844923
94.448	0.1872204439869222
94.592	0.1872204439869222
94.73599999999999	0.18722196861234114
94.88	0.18722196861234114
95.024	0.1872204439869222
95.167	0.18722196861234114
95.31099999999999	0.18722298502928708
95.455	0.18722298502928708
95.59899999999999	0.18722298502928708
95.743	0.18722450965470602
95.887	0.18722450965470602
96.03099999999999	0.18722603428012496
96.17399999999999	0.18722603428012496
96.318	0.18722603428012496
96.46199999999999	0.18722857532248988
96.606	0.18722857532248988
96.75	0.1872311163648548
96.89399999999999	0.1872311163648548
97.038	0.18723162457332776
97.18199999999999	0.18723213278180076
97.32499999999999	0.18723213278180076
97.469	0.18723314919874673
97.613	0.18723467382416564
97.75699999999999	0.18723467382416564
97.901	0.18723518203263864
98.045	0.1872361984495846
98.189	0.1872361984495846
98.332	0.18723518203263864
98.476	0.18723467382416564
98.61999999999999	0.18723467382416564
98.764	0.18723518203263864
98.908	0.18723518203263864
99.05199999999999	0.1872361984495846
99.196	0.18723873949194952
99.33999999999999	0.18723873949194952
99.48299999999999	0.18724026411736847
99.627	0.18724026411736847
99.771	0.1872417887427874
99.91499999999999	0.1872417887427874
100.059	0.1872417887427874
100.20299999999999	0.1872417887427874
100.347	0.1872417887427874
100.49	0.1872417887427874
100.634	0.1872417887427874
100.77799999999999	0.1872417887427874
100.922	0.18724026411736847
101.06599999999999	0.1872417887427874
101.21	0.18724331336820635
101.354	0.1872417887427874
101.497	0.1872417887427874
101.642	0.18724331336820635
101.786	0.18724331336820635
101.92899999999999	0.1872417887427874
102.074	0.18724026411736847
102.217	0.18724026411736847
102.36	0.1872417887427874
102.505	0.1872417887427874
102.65299999999999	0.18724331336820635
102.792	0.18724331336820635
102.93599999999999	0.18724534620209826
103.08	0.18724839545293614
103.223	0.18724941186988212
103.368	0.18724941186988212
103.511	0.18724941186988212
103.655	0.18724941186988212
103.79899999999999	0.18724992007835511
103.943	0.18725246112072003
104.08699999999999	0.18725449395461194
104.231	0.18725449395461194
104.374	0.18725449395461194
104.52	0.18725500216308494
104.66199999999999	0.18725500216308494
104.806	0.18725500216308494
104.94999999999999	0.1872555103715579
105.09599999999999	0.1872555103715579
105.238	0.1872555103715579
105.38199999999999	0.1872555103715579
105.52499999999999	0.1872555103715579
105.669	0.1872555103715579
105.81299999999999	0.1872555103715579
105.957	0.1872555103715579
106.101	0.1872555103715579
106.24499999999999	0.18725500216308494
106.389	0.18725449395461194
106.532	0.18725246112072003
106.67599999999999	0.18725246112072003
106.82	0.18724992007835511
106.964	0.18724992007835511
107.10799999999999	0.18725246112072003
107.252	0.18725246112072003
107.396	0.18725246112072003
107.539	0.18725246112072003
107.68299999999999	0.18725246112072003
107.827	0.18725449395461194
107.97099999999999	0.18725449395461194
108.115	0.18725500216308494
108.258	0.18725500216308494
108.40299999999999	0.18725500216308494
108.547	0.18725500216308494
108.69	0.18725500216308494
108.83399999999999	0.18725449395461194
108.978	0.18725449395461194
109.122	0.18725449395461194
109.26599999999999	0.18725449395461194
109.41	0.18725449395461194
109.553	0.18725449395461194
109.69699999999999	0.18725449395461194
109.841	0.18725449395461194
109.98599999999999	0.18725449395461194
110.13	0.18725500216308494
110.274	0.1872555103715579
110.417	0.1872555103715579
110.562	0.1872555103715579
110.705	0.1872555103715579
110.84899999999999	0.1872555103715579
110.993	0.1872555103715579
111.137	0.18725500216308494
111.28099999999999	0.18725449395461194
111.425	0.18725449395461194
111.55399999999999	0.18725500216308494
111.71199999999999	0.1872555103715579
111.856	0.1872555103715579
112.0	0.1872555103715579
112.14399999999999	0.18725652678850385
112.288	0.18725805141392277
112.43199999999999	0.18725855962239576
112.57499999999999	0.18725855962239576
112.719	0.18725855962239576
112.863	0.18725855962239576
113.00699999999999	0.18725855962239576
113.151	0.18725855962239576
113.295	0.18725957603934174
113.439	0.18726059245628773
113.583	0.18726059245628773
113.726	0.18726059245628773
113.86999999999999	0.18725957603934174
114.014	0.18725855962239576
114.158	0.18725855962239576
114.30199999999999	0.18725957603934174
114.446	0.18726059245628773
114.58999999999999	0.18726059245628773
114.73299999999999	0.18726059245628773
114.877	0.18726059245628773
115.021	0.18726059245628773
115.16499999999999	0.1872611006647607
115.30799999999999	0.18726262529017962
115.45299999999999	0.1872641499155986
115.597	0.1872641499155986
115.741	0.1872641499155986
115.884	0.1872656745410175
116.02799999999999	0.1872656745410175
116.173	0.18726719916643647
116.317	0.18727024841727435
116.46	0.18727024841727435
116.604	0.18727024841727435
116.747	0.18726770737490944
116.89099999999999	0.18726719916643647
117.035	0.18726719916643647
117.17899999999999	0.18726719916643647
117.323	0.18726770737490944
117.467	0.18727024841727435
117.61	0.18727024841727435
117.75399999999999	0.18727329766811224
117.898	0.18727380587658524
118.042	0.1872748222935312
118.18599999999999	0.1872748222935312
118.33	0.1872748222935312
118.47399999999999	0.18727634691895012
118.61699999999999	0.1872768551274231
118.761	0.18727837975284203
118.905	0.18727837975284203
119.04899999999999	0.18727990437826098
119.192	0.18728092079520695
119.33699999999999	0.18728295362909886
119.481	0.18728397004604483
119.624	0.18728397004604483
119.768	0.18728549467146377
119.91199999999999	0.1872870192968827
120.056	0.1872870192968827
120.19999999999999	0.18728752750535568
120.34599999999999	0.18728803571382865
120.488	0.1872895603392476
120.631	0.1872921013816125
120.77499999999999	0.18729311779855848
120.919	0.18729362600703148
121.06299999999999	0.18729515063245042
121.207	0.18729667525786936
121.351	0.1872981998832883
121.49499999999999	0.1872981998832883
121.639	0.18729921630023427
121.782	0.18729972450870724
121.92599999999999	0.18729972450870724
122.07	0.18730023271718024
122.214	0.18730023271718024
122.35799999999999	0.18730023271718024
122.50099999999999	0.1873012491341262
122.645	0.18730277375954513
122.789	0.18730277375954513
122.93299999999999	0.18730277375954513
123.077	0.18730277375954513
123.22099999999999	0.18730328196801813
123.365	0.18730328196801813
123.508	0.18730328196801813
123.652	0.18730328196801813
123.79599999999999	0.1873042983849641
123.94	0.1873042983849641
124.08399999999999	0.18730328196801813
124.228	0.18730328196801813
124.372	0.1873042983849641
124.51599999999999	0.187305823010383
124.65899999999999	0.18730734763580195
124.803	0.18730836405274792
124.94699999999999	0.18730836405274792
125.091	0.1873114133035858
125.235	0.18731598717984266
125.37899999999999	0.18731852822220757
125.52199999999999	0.18732157747304543
125.666	0.1873246267238833
125.80999999999999	0.18732615134930225
125.954	0.18732665955777525
126.098	0.18732767597472122
126.24199999999999	0.18732920060014016
126.38499999999999	0.1873307252255591
126.529	0.18733224985097802
126.673	0.187332758059451
126.817	0.18733377447639696
126.961	0.18733631551876187
127.10499999999999	0.18733834835265378
127.249	0.18733834835265378
127.392	0.1873413976034917
127.53699999999999	0.18734495506280258
127.681	0.18734495506280258
127.82499999999999	0.18734597147974852
127.969	0.18734749610516746
128.113	0.1873490207305864
128.257	0.1873490207305864
128.40099999999998	0.1873490207305864
128.54399999999998	0.1873490207305864
128.688	0.1873490207305864
128.832	0.1873490207305864
128.976	0.1873490207305864
129.12	0.1873490207305864
129.26399999999998	0.1873490207305864
129.408	0.1873490207305864
129.551	0.1873490207305864
129.697	0.1873490207305864
129.839	0.18735206998142429
129.983	0.18735206998142429
130.12699999999998	0.18735562744073514
130.271	0.1873571520661541
130.415	0.18735867669157308
130.558	0.18735867669157308
130.703	0.18735867669157308
130.846	0.18735918490004605
130.99099999999999	0.18735918490004605
131.134	0.18735918490004605
131.277	0.18736223415088393
131.422	0.18736629981866776
131.565	0.18736731623561373
131.709	0.1873678244440867
131.853	0.1873703654864516
131.99699999999999	0.18737239832034355
132.141	0.1873739229457625
132.284	0.18737595577965444
132.428	0.18737595577965444
132.572	0.18737595577965444
132.716	0.1873764639881274
132.85999999999999	0.1873764639881274
133.004	0.18737748040507335
133.148	0.1873790050304923
133.292	0.1873790050304923
133.435	0.1873790050304923
133.579	0.18738052965591123
133.72299999999998	0.1873815460728572
133.867	0.18738307069827614
134.011	0.1873845953236951
134.155	0.18738510353216808
134.299	0.18738561174064108
134.44299999999998	0.18738561174064108
134.58599999999998	0.18738561174064108
134.73	0.18738561174064108
134.874	0.18738561174064108
135.018	0.18738561174064108
135.164	0.18738815278300597
135.305	0.18738815278300597
135.45	0.18739069382537082
135.593	0.1873912020338438
135.737	0.18739272665926276
135.881	0.18739679232704665
136.025	0.18739679232704665
136.168	0.18739679232704665
136.313	0.18739679232704665
136.457	0.18739679232704665
136.6	0.1874023826202494
136.744	0.1874023826202494
136.888	0.1874023826202494
137.03199999999998	0.1874023826202494
137.176	0.1874023826202494
137.319	0.1874023826202494
137.464	0.1874023826202494
137.607	0.18739679232704665
137.751	0.18739679232704665
137.89499999999998	0.1874023826202494
138.039	0.18740543187108732
138.183	0.1874084811219252
138.326	0.18741254678970906
138.471	0.18741610424901992
138.614	0.18741610424901992
138.759	0.18741610424901992
138.902	0.18741915349985777
139.046	0.18741915349985777
139.19	0.18742067812527674
139.334	0.18742118633374974
139.477	0.1874222027506957
139.62099999999998	0.18742525200153357
139.765	0.18742525200153357
139.909	0.1874298258777904
140.053	0.18743338333710127
140.197	0.18743439975404724
140.341	0.18743490796252021
140.484	0.1874379572133581
140.628	0.187440498255723
140.772	0.18744100646419598
140.916	0.18744405571503386
141.06	0.18744812138281772
141.204	0.18744812138281772
141.34799999999998	0.18744812138281772
141.492	0.18745015421670963
141.635	0.1874516788421286
141.779	0.1874532034675475
141.923	0.18745777734380437
142.067	0.18746336763700716
142.21	0.1874648922624261
142.355	0.18746743330479101
142.498	0.18746997434715593
142.642	0.1874704825556289
142.786	0.1874725153895208
142.93	0.18747404001493975
143.07399999999998	0.1874755646403587
143.218	0.18747708926577764
143.361	0.18747708926577764
143.505	0.18747963030814252
143.649	0.18747963030814252
143.793	0.18748420418439937
143.93699999999998	0.18748420418439937
144.081	0.18748420418439937
144.225	0.18748877806065622
144.368	0.18749284372844005
144.513	0.187494368353859
144.656	0.187494368353859
144.79999999999998	0.18749589297927793
144.945	0.18749843402164285
145.089	0.18749945043858882
145.233	0.18750097506400776
145.37699999999998	0.18750605714873755
145.51999999999998	0.18750605714873755
145.664	0.18750961460804844
145.808	0.18751113923346738
145.952	0.18751418848430526
146.096	0.18751977877750808
146.23999999999998	0.1875279101130758
146.38299999999998	0.1875324839893326
146.527	0.1875340086147515
146.671	0.18753502503169747
146.815	0.18753502503169747
146.959	0.18753502503169747
147.103	0.18753553324017047
147.24699999999999	0.18753756607406238
147.391	0.18753756607406238
147.534	0.18753909069948133
147.678	0.18753909069948133
147.82399999999998	0.18753909069948133
147.966	0.18753909069948133
148.10999999999999	0.18753909069948133
148.253	0.18753756607406238
148.398	0.18753756607406238
148.541	0.18753909069948133
148.685	0.18753909069948133
148.829	0.18753909069948133
148.97299999999998	0.1875406153249003
149.117	0.1875462056181031
149.261	0.1875462056181031
149.404	0.1875512877028329
149.548	0.18755535337061674
149.692	0.18755535337061674
149.83599999999998	0.18755535337061674
149.98	0.18755535337061674
150.126	0.18755992724687354
150.268	0.18755992724687354
150.411	0.18755992724687354
150.55599999999998	0.18756297649771145
150.69899999999998	0.18756297649771145
150.843	0.1875645011231304
150.987	0.18756602574854933
151.131	0.18756805858244124
151.275	0.18757009141633318
151.41899999999998	0.1875726324586981
151.56199999999998	0.1875726324586981
151.707	0.18757415708411704
151.85	0.18757466529259
151.994	0.18757568170953598
152.138	0.18757669812648195
152.28199999999998	0.18757923916884686
152.426	0.1875838130451037
152.569	0.18758686229594157
152.714	0.18758787871288748
152.857	0.18758787871288748
153.001	0.18758787871288748
153.14499999999998	0.18758787871288748
153.289	0.18758787871288748
153.433	0.18758787871288748
153.577	0.18758838692136048
153.72	0.18758838692136048
153.864	0.18758991154677945
154.00799999999998	0.18758991154677945
154.152	0.18759296079761734
154.296	0.18759601004845522
154.44	0.18759601004845522
154.584	0.18759702646540116
154.728	0.18759855109082013
154.87099999999998	0.18760058392471207
155.015	0.18760109213318502
155.159	0.18760109213318502
155.303	0.18760261675860396
155.447	0.18760414138402293
155.591	0.18760414138402293
155.734	0.18760668242638784
155.878	0.18760922346875275
156.022	0.1876122727195906
156.166	0.18761633838737446
156.31	0.18761887942973937
156.453	0.18762091226363126
156.59799999999998	0.18762396151446917
156.742	0.18762650255683408
156.887	0.18762802718225302
157.029	0.1876310764330909
157.173	0.18763310926698284
157.317	0.18763361747545582
157.46099999999998	0.18763514210087476
157.60399999999998	0.1876366667262937
157.748	0.1876366667262937
157.892	0.18763819135171267
158.036	0.18764174881102352
158.18	0.18764174881102352
158.32399999999998	0.18764174881102352
158.468	0.18764378164491544
158.611	0.18764428985338844
158.755	0.18764428985338844
158.899	0.18764428985338844
159.043	0.1876473391042263
159.18699999999998	0.18765038835506417
159.332	0.18765089656353717
159.475	0.18765191298048314
159.619	0.1876529293974291
159.763	0.18765343760590208
159.906	0.187654962231321
160.04999999999998	0.18765648685673997
160.194	0.18765648685673997
160.338	0.18765648685673997
160.482	0.18765953610757788
160.626	0.1876625853584158
160.769	0.1876625853584158
160.91299999999998	0.1876625853584158
161.057	0.1876625853584158
161.201	0.1876625853584158
161.345	0.1876625853584158
161.489	0.1876641099838347
161.63299999999998	0.1876641099838347
161.777	0.1876641099838347
161.92	0.18766563460925362
162.064	0.18766563460925362
162.208	0.18766614281772662
162.361	0.18766614281772662
162.49699999999999	0.18766614281772662
162.641	0.18766614281772662
162.785	0.18766614281772662
162.928	0.18766614281772662
163.072	0.18766614281772662
163.216	0.18766614281772662
163.35999999999999	0.18766614281772662
163.504	0.18766614281772662
163.647	0.18766614281772662
163.792	0.18766614281772662
163.935	0.18766614281772662
164.079	0.18766614281772662
164.22299999999998	0.18766614281772662
164.367	0.18766614281772662
164.511	0.18766614281772662
164.655	0.18766614281772662
164.801	0.1876671592346726
164.942	0.1876671592346726
165.08599999999998	0.1876671592346726
165.23	0.1876671592346726
165.374	0.1876671592346726
165.518	0.18766817565161853
165.662	0.18766817565161853
165.805	0.18766817565161853
165.95	0.18766817565161853
166.093	0.18766817565161853
166.237	0.18766817565161853
166.381	0.18766817565161853
166.525	0.18766817565161853
166.66899999999998	0.18766817565161853
166.813	0.18766817565161853
166.956	0.1876686838600915
167.1	0.1876686838600915
167.244	0.1876686838600915
167.388	0.1876712249024564
167.53199999999998	0.1876712249024564
167.676	0.1876712249024564
167.82	0.1876712249024564
167.963	0.1876712249024564
168.107	0.1876712249024564
168.251	0.1876712249024564
168.39499999999998	0.1876712249024564
168.539	0.1876712249024564
168.683	0.1876712249024564
168.827	0.1876712249024564
168.971	0.1876712249024564
169.114	0.1876712249024564
169.25799999999998	0.1876686838600915
169.402	0.1876686838600915
169.546	0.1876686838600915
169.69	0.18766817565161853
169.834	0.18766817565161853
169.978	0.18766817565161853
170.12099999999998	0.18766817565161853
170.265	0.18766817565161853
170.409	0.1876671592346726
170.553	0.18766614281772662
170.696	0.18766614281772662
170.841	0.18766563460925362
170.98499999999999	0.18766563460925362
171.128	0.18766512640078065
171.272	0.18766512640078065
171.416	0.18766512640078065
171.56	0.18766360177536173
171.704	0.18766360177536173
171.847	0.1876620771499428
171.992	0.18765953610757788
172.135	0.18765699506521297
172.279	0.18765699506521297
172.423	0.18765699506521297
172.567	0.18765699506521297
172.712	0.18765699506521297
172.855	0.18765699506521297
172.999	0.18765699506521297
173.142	0.18765699506521297
173.286	0.18765699506521297
173.43	0.18765699506521297
173.57399999999998	0.18765699506521297
173.718	0.18765699506521297
173.862	0.18765699506521297
174.006	0.18765648685673997
174.149	0.187654962231321
174.293	0.18765343760590208
174.43699999999998	0.18765343760590208
174.581	0.1876529293974291
174.725	0.18765191298048314
174.869	0.18765191298048314
175.01399999999998	0.18765089656353717
175.156	0.18765089656353717
175.29999999999998	0.18765089656353717
175.444	0.18765089656353717
175.588	0.18765089656353717
175.733	0.18765089656353717
175.876	0.18765089656353717
176.01999999999998	0.18765089656353717
176.16299999999998	0.18765089656353717
176.307	0.18765089656353717
176.451	0.18765038835506417
176.595	0.1876468308957533
176.739	0.18764174881102352
176.88299999999998	0.18764174881102352
177.027	0.1876392077686586
177.171	0.18763768314323967
177.314	0.1876366667262937
177.458	0.1876366667262937
177.602	0.18763514210087476
177.74599999999998	0.18763514210087476
177.88899999999998	0.1876315846415639
178.034	0.18762802718225302
178.178	0.18762650255683408
178.322	0.18762497793141514
178.465	0.18762243688905023
178.609	0.18762243688905023
178.753	0.18762243688905023
178.897	0.18762142047210426
179.041	0.18762142047210426
179.185	0.18762142047210426
179.328	0.18762142047210426
179.472	0.18762142047210426
179.61599999999999	0.18762091226363126
179.76	0.18761786301279337
179.905	0.1876148137619555
180.049	0.1876148137619555
180.195	0.1876148137619555
180.33599999999998	0.18761430555348255
180.48	0.18761430555348255
180.624	0.18761430555348255
180.768	0.18761176451111766
180.912	0.18760820705180678
181.05599999999998	0.18760566600944187
181.19899999999998	0.18760414138402293
181.344	0.18760363317554996
181.487	0.18760210855013099
181.631	0.18760210855013099
181.775	0.18760058392471207
181.91899999999998	0.1876000757162391
182.063	0.18759855109082013
182.206	0.18759702646540116
182.35	0.18759702646540116
182.494	0.18759702646540116
182.638	0.18759702646540116
182.78199999999998	0.18759601004845522
182.926	0.18759601004845522
183.07	0.18759601004845522
183.214	0.18759296079761734
183.357	0.18758940333830643
183.501	0.18758686229594157
183.64499999999998	0.18758533767052263
183.789	0.18758482946204963
183.934	0.18758330483663072
184.077	0.1875807637942658
184.221	0.18757669812648195
184.364	0.18757568170953598
184.50799999999998	0.1875726324586981
184.652	0.1875695832078602
184.796	0.18756805858244124
184.94	0.1875665339570223
185.084	0.18756348470618442
185.228	0.18755840262145462
185.37099999999998	0.18755281232825183
185.515	0.18755281232825183
185.659	0.18755027128588692
185.803	0.18755027128588692
185.947	0.18755027128588692
186.09	0.18754874666046797
186.23499999999999	0.18754874666046797
186.378	0.18754874666046797
186.522	0.18754874666046797
186.666	0.18754874666046797
186.81	0.18754874666046797
186.954	0.18754874666046797
187.09799999999998	0.18754874666046797
187.24099999999999	0.18754874666046797
187.385	0.18754874666046797
187.529	0.18754874666046797
187.673	0.18754874666046797
187.81799999999998	0.18754874666046797
187.96099999999998	0.18754874666046797
188.106	0.18754874666046797
188.249	0.18754874666046797
188.393	0.1875462056181031
188.536	0.1875462056181031
188.68	0.1875462056181031
188.82399999999998	0.18754518920115712
188.968	0.18754366457573818
189.112	0.18754163174184624
189.256	0.18753959890795432
189.399	0.1875370578655894
189.543	0.18753553324017047
189.68699999999998	0.1875340086147515
189.831	0.1875324839893326
189.975	0.18753045115544068
190.119	0.18753045115544068
190.263	0.18752892653002173
190.406	0.18752638548765682
190.54999999999998	0.18752638548765682
190.694	0.187522319819873
190.838	0.18751927056903508
190.982	0.18751774594361614
191.126	0.1875136802758323
191.26999999999998	0.18750961460804844
191.414	0.1875075817741565
191.557	0.1875075817741565
191.701	0.18750554894026458
191.845	0.18750402431484564
191.989	0.18750249968942667
192.132	0.18750148327248073
192.277	0.18749995864706182
192.42	0.1874969093962239
192.564	0.18749284372844005
192.708	0.18749284372844005
192.852	0.18749131910302114
192.998	0.18749030268607514
193.14	0.18749030268607514
193.283	0.18749030268607514
193.427	0.18748776164371023
193.571	0.18748471239287237
193.715	0.18748267955898043
193.859	0.1874811549335615
194.003	0.18748267955898043
194.147	0.18748267955898043
194.29	0.18748267955898043
194.434	0.18748267955898043
194.578	0.1874811549335615
194.722	0.18748013851661552
194.86599999999999	0.18747861389119658
195.01	0.18747658105730464
195.154	0.18747200718104784
195.298	0.18746590867937207
195.441	0.18746590867937207
195.585	0.18746590867937207
195.72899999999998	0.18746387584548013
195.873	0.18746590867937207
196.017	0.18746590867937207
196.161	0.18746590867937207
196.304	0.18746590867937207
196.448	0.18746590867937207
196.59199999999998	0.18746387584548013
196.736	0.1874618430115882
196.88	0.1874618430115882
197.024	0.18745981017769628
197.168	0.18745981017769628
197.31199999999998	0.18745828555227734
197.456	0.18745523630143945
197.6	0.1874532034675475
197.744	0.1874532034675475
197.888	0.1874511706336556
198.03199999999998	0.1874486295912907
198.17499999999998	0.1874486295912907
198.32	0.1874486295912907
198.463	0.18744710496587175
198.607	0.18744558034045283
198.751	0.18744558034045283
198.89499999999998	0.18744100646419598
199.039	0.18743592437946618
199.182	0.18743592437946618
199.326	0.18743592437946618
199.47	0.18743592437946618
199.614	0.18743592437946618
199.75799999999998	0.18743338333710127
199.902	0.1874323669201553
200.046	0.18743084229473636
200.189	0.18743084229473636
200.333	0.1874267766269525
200.477	0.18742372737611462
200.62099999999998	0.18742372737611462
200.765	0.18742372737611462
200.908	0.18742169454222268
201.053	0.1874186452913848
201.197	0.18741559604054694
201.341	0.18741305499818206
201.484	0.1874120385812361
201.628	0.1874115303727631
201.772	0.1874084811219252
201.915	0.1874059400795603
202.06199999999998	0.18740543187108732
202.203	0.1874023826202494
202.347	0.1873998415778845
202.49099999999999	0.1873998415778845
202.635	0.18739882516093853
202.779	0.18739577591010068
202.923	0.18739374307620876
203.066	0.18738815278300597
203.21099999999998	0.18738052965591123
203.35399999999998	0.18737748040507335
203.498	0.18737341473728952
203.642	0.18737341473728952
203.786	0.18736934906950564
203.93	0.18736680802714073
204.07399999999998	0.1873647751932488
204.21699999999998	0.18736121773393796
204.361	0.18735359460684325
204.505	0.18734800431364046
204.649	0.1873464796882215
204.793	0.18734495506280258
204.93699999999998	0.1873439386458566
205.081	0.1873434304373836
205.224	0.1873408893950187
205.369	0.18733834835265378
205.512	0.1873352991018159
205.656	0.1873352991018159
205.79999999999998	0.18733123343403207
205.944	0.18732970880861316
206.088	0.18732920060014016
206.231	0.18732767597472122
206.375	0.18732665955777525
206.519	0.18732005284762648
206.66299999999998	0.1873114133035858
206.807	0.1873088722612209
206.951	0.1873088722612209
207.095	0.18730734763580195
207.238	0.187305823010383
207.382	0.18730531480191004
207.52599999999998	0.1873037901764911
207.67	0.18730074092565321
207.814	0.18730074092565321
207.957	0.1872981998832883
208.102	0.18729667525786936
208.245	0.18729667525786936
208.38899999999998	0.18729515063245042
208.533	0.18729413421550445
208.677	0.18729108496466657
208.821	0.18728752750535568
208.965	0.18728041258673397
209.108	0.18727329766811224
209.25199999999998	0.1872717730426933
209.396	0.18727024841727435
209.54	0.18726974020880138
209.684	0.18726974020880138
209.828	0.18726974020880138
209.972	0.1872682155833824
210.11599999999999	0.1872682155833824
210.262	0.18726669095796347
210.403	0.18726262529017962
210.547	0.18725805141392277
210.691	0.1872575432054498
210.835	0.18725652678850385
210.97899999999998	0.1872555103715579
211.123	0.18725500216308494
211.266	0.18725347753766597
211.41	0.18725144470377403
211.554	0.18724992007835511
211.698	0.18724839545293614
211.84199999999998	0.1872473790359902
211.986	0.18724687082751723
212.129	0.18724636261904426
212.273	0.1872453462020983
212.417	0.18724382157667935
212.561	0.18724077232584146
212.70499999999998	0.18723772307500358
212.849	0.1872361984495846
212.992	0.1872336574072197
213.137	0.18723009994790885
213.28	0.18722705069707093
213.424	0.187225526071652
213.56799999999998	0.1872224768208141
213.712	0.18721993577844923
213.856	0.18721993577844923
213.999	0.18721891936150326
214.144	0.18721332906830046
214.287	0.18720824698357064
214.43099999999998	0.18720468952425978
214.575	0.1872016402734219
214.719	0.18720011564800293
214.864	0.18719706639716505
215.00799999999998	0.18719706639716505
215.15099999999998	0.18719706639716505
215.296	0.1871955417717461
215.439	0.1871955417717461
215.583	0.1871955417717461
215.727	0.18719401714632716
215.87099999999998	0.18719147610396228
216.015	0.1871904596870163
216.158	0.1871904596870163
216.302	0.1871904596870163
216.446	0.18718893506159737
216.59	0.18718639401923248
216.734	0.18718486939381354
216.878	0.18718283655992163
217.022	0.18718029551755672
217.166	0.1871777544751918
217.309	0.1871741970158809
217.453	0.18717216418198898
217.597	0.187171147765043
217.74099999999999	0.1871686067226781
217.885	0.18716555747184022
218.029	0.18716403284642127
218.173	0.18716250822100233
218.316	0.18715996717863745
218.46	0.1871584425532185
218.60399999999998	0.18715793434474554
218.748	0.18715691792779957
218.892	0.18715539330238062
219.035	0.18715386867696165
219.179	0.18715132763459674
219.323	0.18714624554986692
219.46699999999998	0.18714167167361012
219.611	0.1871391306312452
219.755	0.18713709779735327
219.899	0.1871365895888803
220.04399999999998	0.18713252392109647
220.18699999999998	0.18712845825331262
220.32999999999998	0.18712845825331262
220.474	0.18712591721094773
220.618	0.18712134333469088
220.762	0.18711931050079894
220.906	0.18711931050079894
221.04999999999998	0.18711676945843403
221.19299999999998	0.18711372020759615
221.337	0.18711219558217723
221.481	0.18711067095675826
221.625	0.18710914633133932
221.769	0.18710609708050147
221.91299999999998	0.18710406424660955
222.057	0.18710304782966358
222.2	0.1871020314127176
222.344	0.1870994903703527
222.488	0.18709542470256885
222.632	0.18709339186867693
222.77599999999998	0.18709288366020393
222.92	0.187091867243258
223.064	0.18708932620089308
223.208	0.18708729336700114
223.351	0.18708576874158217
223.495	0.1870832276992173
223.63899999999998	0.18708119486532537
223.783	0.18707662098906855
223.927	0.18707103069586578
224.071	0.18706798144502787
224.215	0.18706391577724402
224.358	0.18706391577724402
224.50199999999998	0.18705985010946016
224.646	0.18705832548404122
224.79	0.18705781727556825
224.934	0.18705730906709525
225.078	0.1870557844416763
225.224	0.1870532433993114
225.36599999999999	0.18705222698236543
225.509	0.18705171877389243
225.653	0.18705019414847351
225.797	0.18704714489763566
225.941	0.18704257102137883
226.085	0.18703901356206795
226.22899999999998	0.18703799714512198
226.373	0.18703647251970304
226.516	0.18703443968581113
226.66	0.18703139043497322
226.804	0.1870288493926083
226.948	0.18702732476718936
227.09199999999998	0.18702275089093257
227.23499999999999	0.1870181770146757
227.38	0.18701614418078377
227.523	0.18701461955536486
227.667	0.18701207851299995
227.811	0.18700953747063503
227.95499999999998	0.18700699642827015
228.099	0.18700496359437824
228.244	0.18700496359437824
228.387	0.18700496359437824
228.53	0.18700496359437824
228.674	0.18700496359437824
228.81799999999998	0.18700343896895927
228.962	0.18700343896895927
229.107	0.18700343896895927
229.25	0.18700343896895927
229.393	0.18700343896895927
229.53799999999998	0.18700343896895927
229.68099999999998	0.18700343896895927
229.825	0.18700343896895927
229.969	0.18700343896895927
230.113	0.18700343896895927
230.257	0.18700343896895927
230.40099999999998	0.18700343896895927
230.54399999999998	0.18700343896895927
230.688	0.18700343896895927
230.832	0.18700343896895927
230.976	0.18700343896895927
231.12	0.18700343896895927
231.26399999999998	0.18700343896895927
231.408	0.18700343896895927
231.551	0.18700191434354033
231.695	0.18700140613506736
231.839	0.18700038971812138
231.983	0.18699937330117541
232.12699999999998	0.18699886509270242
232.271	0.18699835688422944
232.416	0.1869968322588105
232.56	0.18699225838255368
232.703	0.1869861598808779
232.847	0.1869861598808779
232.99099999999999	0.18698056958767514
233.135	0.18697701212836426
233.278	0.1869754875029453
233.423	0.18697497929447232
233.567	0.1869724382521074
233.71	0.18696837258432358
233.85399999999998	0.18696684795890461
233.998	0.1869653233334857
234.142	0.18696227408264782
234.286	0.18696227408264782
234.43	0.18695871662333696
234.57399999999998	0.18695871662333696
234.71699999999998	0.18695871662333696
234.861	0.18695515916402605
235.005	0.18695261812166114
235.149	0.18694753603693134
235.293	0.18694753603693134
235.436	0.18694143753525555
235.581	0.18694143753525555
235.725	0.18694143753525555
235.868	0.1869383882844177
236.012	0.1869383882844177
236.156	0.1869383882844177
236.29999999999998	0.18693381440816087
236.444	0.18693381440816087
236.587	0.18693381440816087
236.732	0.1869277159064851
236.875	0.18692466665564722
237.019	0.18692466665564722
237.16299999999998	0.18692466665564722
237.307	0.18691551890313357
237.451	0.18691551890313357
237.594	0.18691551890313357
237.738	0.18691551890313357
237.882	0.1869007808574171
238.02599999999998	0.18688807564559257
238.172	0.18687791147613295
238.314	0.1868611405965246
238.458	0.18684538613386215
238.602	0.18683420554745656
238.745	0.18682556600341588
238.88899999999998	0.18682353316952396
239.033	0.18681591004242926
239.177	0.18680422124755067
239.321	0.18678948320183422
239.465	0.1867528921917796
239.609	0.18670664522073832
239.75199999999998	0.18668682509029205
239.896	0.1866751362954135
240.04	0.1866639557090079
240.184	0.18664210274466975
240.328	0.18662126619727754
240.472	0.18660195427530424
240.61599999999999	0.18655519909578994
240.76	0.18652419837893808
240.903	0.18650793570780272
241.047	0.18648303349262663
241.191	0.18646321336218039
241.335	0.18645304919272077
241.47899999999998	0.18644745889951797
241.623	0.18644339323173414
241.767	0.18642103205892296
241.91	0.18638850671665214
242.054	0.18636665375231395
242.198	0.18632396424058356
242.34199999999998	0.1862528150543662
242.486	0.1861669278224324
242.63	0.1860622368769983
242.774	0.18584370723361643
242.917	0.18562162013092368
243.061	0.18555707765485507
243.20499999999998	0.18552607693800327
243.349	0.18548897771947565
243.493	0.1854091889892176
243.636	0.18531517042171608
243.781	0.18527400553540463
243.92499999999998	0.1852531689880124
244.06799999999998	0.18523487348298506
244.212	0.18521149589322794
244.356	0.18518659367805188
244.5	0.1851535601273081
244.644	0.18513323178838886
244.787	0.18511290344946962
244.932	0.18506970572926626
245.075	0.18502854084295478
245.219	0.18497924462107562
245.363	0.18491114468569614
245.507	0.18487506188411448
245.65099999999998	0.1848557499621412
245.79399999999998	0.18483542162322195
245.939	0.18481509328430268
246.082	0.18478358435897785
246.226	0.18474546872350428
246.37	0.18471192696428754
246.51399999999998	0.18469261504231427
246.658	0.18468346728980062
246.802	0.18466669641019223
246.945	0.184646368071273
247.09	0.1846407777780702
247.23499999999999	0.18463061360861058
247.37699999999998	0.1846219740645699
247.521	0.18461130168663728
247.665	0.18459910468328572
247.809	0.1845569233800283
247.953	0.18450254507341934
248.096	0.18448475777686502
248.23999999999998	0.1844801839006082
248.384	0.18445629810237807
248.528	0.18442123171774233
248.672	0.18439429666867435
248.816	0.18437905041448494
248.96	0.1843739683297551
249.103	0.18436583699418743
249.24699999999999	0.1843612631179306
249.391	0.1843419511959573
249.535	0.18430383556048371
249.679	0.18427740871988868
249.82399999999998	0.18426826096737503
249.968	0.18424742441998282
250.111	0.18413561855592697
250.255	0.18396333588358638
250.399	0.183785971126516
250.543	0.1835308504730795
250.68699999999998	0.1833611088431038
250.831	0.18331689470595447
250.975	0.1832858939891026
251.118	0.18325895894003463
251.262	0.18289203242254226
251.406	0.1821632614722874
251.54999999999998	0.1817389073973482
251.694	0.18161947840619763
251.837	0.18151631208618246
251.982	0.1814517696101139
252.126	0.1813963748865589
252.269	0.18135825925108534
252.41299999999998	0.18133030778507137
252.557	0.18132319286644966
252.701	0.18129574960890865
252.845	0.18123781384298882
252.988	0.18118292732790686
253.132	0.18115091019410906
253.27599999999998	0.18111838485183823
253.42	0.181099072929865
253.564	0.18109449905360817
253.708	0.18107315429774296
253.852	0.18098777527428211
253.995	0.18090747833555113
254.14	0.18087393657633438
254.283	0.1808378537747527
254.427	0.18081295155957663
254.571	0.18078042621730586
254.715	0.1807362120801565
254.859	0.18071334269887235
255.003	0.18068081735660152
255.146	0.18063660321945219
255.29399999999998	0.18062186517373574
255.434	0.1806071271280193
255.578	0.180587815206046
255.722	0.18053851898416684
255.866	0.18049278022159854
256.01000000000005	0.18046330413016565
256.154	0.18042315566080014
256.297	0.1804028273218809
256.44100000000003	0.18033930126275827
256.58500000000004	0.18025087298845954
256.72900000000004	0.1801792155937692
256.87300000000005	0.18003335976202361
257.017	0.179512954285691
257.161	0.179056074868481
257.30400000000003	0.1779868042413288
257.44800000000004	0.17687738514481105
257.59200000000004	0.17657195185254942
257.73600000000005	0.17623043575870614
257.88	0.17522926506693343
258.024	0.17417269965160576
258.168	0.17374529632582864
258.31100000000004	0.17316746329204913
258.45500000000004	0.16576388225766064
258.59900000000005	0.15804775301238877
258.743	0.15680823254678788
258.887	0.1557816514313661
259.03000000000003	0.1547738740294446
259.175	0.15384334431541621
259.31800000000004	0.1532365433986768
259.46200000000005	0.15274917147308792
259.60600000000005	0.15236953974377107
259.75	0.15208494299890166
259.894	0.1518958894469527
260.03700000000003	0.15181711713364063
260.182	0.15175206644909905
260.32500000000005	0.15159401361400193
260.46900000000005	0.15139377947564736
260.613	0.1512824818200645
260.757	0.1512555467709965
260.901	0.1512311527642934
261.045	0.15117829908310337
261.18800000000005	0.15100449178534386
261.33200000000005	0.15085406207734145
261.476	0.15083525836384115
261.62	0.1508205203181247
261.764	0.15069245178293347
261.908	0.1505628586223233
262.052	0.15047849601580843
262.196	0.1503900677415097
262.339	0.1503397551026846
262.483	0.15022032611153405
262.627	0.15013901275585706
262.771	0.15007650311368037
262.915	0.14995707412252984
263.059	0.1498661048058662
263.202	0.1498122347077302
263.346	0.14973651164525603
263.49	0.1496465587455384
263.634	0.14958506552030768
263.778	0.1495200148357661
263.922	0.14935433887357424
264.06600000000003	0.14918002336734176
264.21000000000004	0.14909362792693498
264.353	0.14904179066269088
264.497	0.14901383919667693
264.641	0.1489127057105537
264.785	0.1487460133314159
264.92900000000003	0.1486677492265768
265.072	0.14847107254753314
265.21900000000005	0.14817783625862305
265.36	0.14800301254391754
265.504	0.1477890567767925
265.648	0.1471065327975789
265.79200000000003	0.14630966191194456
265.93600000000004	0.14580958477453118
266.079	0.14538573890806494
266.223	0.14518194731039952
266.367	0.14513315929699333
266.511	0.14501373030584278
266.65500000000003	0.14473218281181124
266.79900000000004	0.14441201147383317
266.94300000000004	0.1435221384376433
267.08700000000005	0.14265513478273756
267.23	0.14148168141862422
267.375	0.13936397671171202
267.519	0.13817527709340927
267.663	0.1379165989806619
267.807	0.1377575297286188
267.951	0.137698577545753
268.096	0.13761319852229217
268.238	0.13740381663142398
268.382	0.13712836763906822
268.526	0.13691695291430805
268.67	0.13670299714718304
268.814	0.13657645323741074
268.958	0.1362949057433792
269.10200000000003	0.13600725974767192
269.245	0.13592848743435987
269.389	0.13546500130700112
269.533	0.13489885706810018
269.677	0.13459088273347364
269.821	0.1341563644890748
269.964	0.13371676415994616
270.10900000000004	0.1335251695656323
270.25600000000003	0.1334103144507386
270.396	0.133264458618993
270.54	0.13314198037700456
270.684	0.13291582760652798
270.82800000000003	0.13257532792963062
270.97200000000004	0.13232579756939694
271.115	0.13208287391931195
271.259	0.1319182143740661
271.403	0.1318638360674571
271.547	0.13178557196261803
271.69100000000003	0.13163006016988582
271.83500000000004	0.13145879391449117
271.97900000000004	0.13109339202241777
272.122	0.13073866250827698
272.266	0.13068530061861397
272.41	0.13057298654608515
272.55400000000003	0.13045101651256968
272.69800000000004	0.13009120491369908
272.84200000000004	0.12944273090217523
272.98600000000005	0.12884253669558454
273.13100000000003	0.1284944138915925
273.273	0.12808124040305885
273.41700000000003	0.1276802639178768
273.56100000000004	0.1256194785599385
273.70500000000004	0.12331119567565837
273.84900000000005	0.12257683443220072
273.993	0.11950217317066511
274.137	0.11630045979088424
274.28200000000004	0.11538619274799128
274.42400000000004	0.11484698355815834
274.56800000000004	0.1140877200995246
274.71200000000005	0.11318666647692913
274.855	0.11270742588690796
275.0	0.11131493467093978
275.144	0.10829820917532404
275.28700000000003	0.10632585209168444
275.43100000000004	0.10609919111273487
275.57500000000005	0.10606463293657216
275.71900000000005	0.10578003619170274
275.863	0.10530130381015457
276.00600000000003	0.10495724667394636
276.15000000000003	0.10444954640943825
276.29400000000004	0.10389712379930781
276.43800000000005	0.10363590464419553
276.583	0.10354747636989683
276.726	0.10350834431747728
276.87100000000004	0.10344431004988167
277.014	0.10339196457716461
277.15700000000004	0.10329489675882522
277.30100000000004	0.10317699239309361
277.44500000000005	0.10298234854794186
277.589	0.10277499949096558
277.733	0.10271401447420783
277.877	0.10257120789330015
278.021	0.10238876105149994
278.16400000000004	0.10201827707469673
278.30800000000005	0.1011832905535888
278.452	0.10058004709616024
278.596	0.10030205706143958
278.74	0.10010588859086887
278.884	0.09999814839459689
279.028	0.09982230826294544
279.17100000000005	0.09935780571864072
279.315	0.0987510048019013
279.459	0.0984496371774235
279.603	0.09804408681598462
279.747	0.09763447078676185
279.89000000000004	0.09734479195716263
280.035	0.09642747566343177
280.178	0.09549897878329532
280.322	0.0951523806047222
280.466	0.0946289258775517
280.61	0.09198573360957704
280.754	0.08934965626022415
280.89700000000005	0.08877690531117446
281.04200000000003	0.08841099521062808
281.18600000000004	0.08431026104214367
281.329	0.07046513761271987
281.473	0.06028165623112482
281.617	0.05981461264445519
281.761	0.05903298801301028
281.90500000000003	0.05845871243854165
282.048	0.058337758821972154
282.192	0.058018095692467055
282.336	0.05517975137086767
282.48	0.052075614017899174
282.625	0.05157197942117492
282.77000000000004	0.05103226202286901
282.91200000000003	0.05023844038807254
283.055	0.04990810488063483
283.20300000000003	0.049458340382046564
283.34400000000005	0.048926754319308347
283.487	0.04877835744519787
283.63100000000003	0.04850646591215299
283.778	0.04765216746907178
283.91900000000004	0.04621901957526511
284.06600000000003	0.044981531943556155
284.206	0.044423010831749946
284.35	0.04321449108300092
284.494	0.041996315373265244
284.63800000000003	0.041842328205951976
284.783	0.04179506481796474
284.927	0.041588732177934414
285.07000000000005	0.04079440233466497
285.214	0.0395116841488607
285.358	0.038386510589680574
285.502	0.03790320433187556
285.646	0.037800038011860396
285.79	0.03752560543645061
285.93300000000005	0.03724659898478399
286.07800000000003	0.0370179051719425
286.221	0.036694684583126524
286.365	0.03649089298546111
286.509	0.03492967655646321
286.653	0.03293699113390436
286.797	0.026349592907123486
286.94100000000003	0.019746440217680197
287.08500000000004	0.019229083992185453
287.228	0.0189887013844654
287.372	0.01876610607329968
287.516	0.01859483981790505
287.66	0.018366654213536546
287.80400000000003	0.018148632778627657
287.94800000000004	0.01781982189660889
288.09200000000004	0.01760281687864597
288.235	0.01758909524987548
288.379	0.01754589752967209
288.523	0.01743205883172432
288.66700000000003	0.01731567909141165
288.81100000000004	0.01723538215268064
288.954	0.01697263837214942
289.09900000000005	0.016703796089942425
289.242	0.016650942408752388
289.386	0.016587924558102735
289.53000000000003	0.01652033283119625
289.67400000000004	0.016486282863506518
289.81800000000004	0.016392264296005016
289.96200000000005	0.016312983774219966
290.105	0.016278933806530234
290.249	0.01622709654228616
290.39300000000003	0.016136635434095527
290.53700000000003	0.016008566898904293
290.68100000000004	0.015933352044903093
290.82500000000005	0.015922679666970488
290.96900000000005	0.01587694090440219
291.113	0.015832726767252836
291.25600000000003	0.015636558296682136
291.40000000000003	0.015426668197340947
291.54400000000004	0.0153016489129876
291.68800000000005	0.015139530410106633
291.83200000000005	0.014990625327523174
291.975	0.014889491841399937
292.12	0.014842736661885677
292.26500000000004	0.01477870239429006
292.40700000000004	0.014711618875856555
292.552	0.014529172034056344
292.69500000000005	0.014213574572335089
292.839	0.013941683039290206
292.983	0.013702825056989092
293.12600000000003	0.013452786488282398
293.27000000000004	0.013161583033264234
293.41400000000004	0.012748917753203592
293.55800000000005	0.012434336708428298
293.702	0.012312874883385817
293.846	0.012181757097356697
293.99	0.01203437664019218
294.134	0.011932226737122981
294.27700000000004	0.011848372339081101
294.42100000000005	0.0117355500580793
294.567	0.011552595007806107
294.709	0.011108420802420636
294.853	0.01059716307860166
294.99600000000004	0.010183989590068035
295.141	0.009536531995490129
295.28400000000005	0.008826056550262567
295.428	0.008201976545441789
295.572	0.007349202727779522
295.716	0.006723598097539803
295.86	0.006436968518778469
296.004	0.0060395494929072575
296.14700000000005	0.0058281347681471245
296.291	0.0055460790656426204
296.435	0.004270984006933069
296.579	0.0031900245849022938
